,Rate_Mean,RMSSD,MeanNN,SDNN,SDSD,CVNN,CVSD,MedianNN,MadNN,MCVNN,TINN,HTI,LF,HF,VHF,LFHF,LFn,HFn,LnHF,SD1,SD2,SD2SD1,CSI,CVI,CSI_Modified,SampEn
0,0.8245681457433521,-0.3177674564460818,-0.8339069031852381,-0.2457527689838342,-0.31939037544297666,-0.14385735971341088,-0.1868278686878682,-0.8319540903767787,-0.12967825889920753,-0.031374614841430296,-0.24566573877259906,-0.6927183536959508,6.447027590585914,0.06863664556056691,-0.017838254906674397,1.9897872065548365,2.373567715734642,-0.8048670987546855,0.5659316106156972,-0.31939037544297666,-0.2429376272705621,-0.09227552354796961,-0.09227552354796961,-0.22799458891913427,-0.24259005062466044,-0.5913644228236998
1,-1.5533614522393013,1.653259012286518,1.6063993226622462,0.447355159457435,1.6576755380818466,0.1915136055477747,1.4278102651370919,1.747689103638322,0.13546727540912193,-0.09779119153647182,0.15304023453909632,-0.8899385878838826,-0.13954328420467144,0.2792097931440638,2.9703718034149356,-0.308528995542768,-0.3104534722862612,-0.1177899674228274,0.9004244134349088,1.6576755380818466,0.3314459326489778,-0.7059397870232406,-0.7059397870232406,1.1676640371429836,-0.2767224824391949,0.4977386076293658
2,1.1012392194224256,-0.07583382532940554,-1.0779241519899418,0.1612211243070076,-0.08164086724770837,0.3105054783674278,0.14314802323270315,-0.8821937354788792,0.08123296025033858,0.18956176634916627,0.22609604171501765,0.21500674263947114,-0.31501496132584267,-0.07938610027149237,-0.29440338109916403,-0.32579859175152726,-0.3560573678406777,-0.16975325658145515,0.3376488829318599,-0.08164086724770837,0.14239188596116215,0.13740325576799514,0.13740325576799514,0.20115805109545595,0.0022423135954220542,-0.5986815327901904
3,-0.5326821549683285,0.6612737904218384,0.4789184393429283,0.4063599382129505,0.6788269827644093,0.313141964456648,0.6429006083754453,0.6261302937895353,0.23188383287925401,0.12855935354842182,0.5152578553809659,0.01681409665304118,-0.3950984927009133,-0.19241406247469175,0.11661257119344969,-0.3520903161525312,-0.4049264443497224,-0.02581720434051104,0.1484372198703547,0.6788269827644093,0.3229552173420833,-0.23482774680181473,-0.23482774680181473,0.7451191505002478,-0.07835165272933454,-0.7537298323212824
4,1.7143515138033127,-0.9432461575077679,-1.5631167308513125,-0.9183268381495651,-0.9395392353166272,-0.7564138760783903,-0.7985779385223312,-1.7805215442156541,-0.6693628509369695,-0.47372702866159944,-1.4558988626086777,-0.4506882106395094,-0.37892447276442104,0.807078712588825,-0.17912227267720315,-0.37970258641455173,-0.3910556985244382,3.5139237569401924,1.4726412984946888,-0.9395392353166272,-0.8596828238060465,-0.33658838765478694,-0.33658838765478694,-1.1836887935676705,-0.547361583554869,0.5207825670622175
5,1.4086785658009702,-1.6609581114553098,-1.3446152656336312,-0.6300312364421236,-1.6596332842480255,-0.47661016989398,-1.6874142252640913,-1.5965290308214133,-1.1910379473416672,-1.0454662504455512,-0.46223036259418493,2.2002466129033973,-0.30694334897792797,-0.496234054322937,-0.2853331830200763,0.02657867445639456,0.14252248946959864,-0.5941585454494368,-0.8424902040435621,-1.6596332842480255,-0.5281015308544369,1.3692889596904723,1.3692889596904723,-1.3303321614751737,0.07506664386073383,0.4633208024166345
6,-0.24359810268618357,-1.1164510390179492,0.1917187005808667,0.01751820122689189,-1.11707169128056,-0.019907670769972383,-1.2448540101906442,0.43001500032511336,-1.1139306191486482,-1.1251234416000238,-0.20427119030203736,-0.5454038567034977,1.2390024603936807,-0.46787213351296075,-0.2063817083037603,2.9567614168569984,1.0286334757248703,-1.2725408505194387,-0.7472621932747412,-1.11707169128056,0.10777182259797723,1.3940806287514866,1.3940806287514866,-0.49541879012551543,0.48150453502385177,-0.8063017068609198
7,1.7228585322989483,-1.0897002499257784,-1.6039557274336538,-0.4437562554994833,-1.0930471994769617,-0.2466211870963324,-0.9688581598831733,-2.388903793096481,0.07753276417799379,0.42285139197908794,-0.4638042025866511,2.494122215244155,-0.44854547533082056,-0.5257602619154432,-0.269252327417948,-0.31640389507925737,-0.45593454882881823,-1.1389922362067462,-1.1497183440582748,-1.0930471994769617,-0.3944671192437919,0.557558872638605,0.557558872638605,-0.8284869560457512,-0.09773894868040318,1.8030113962709948
8,-0.12888681227014281,-0.9732072042188171,0.09923269563203525,-0.8501690433556446,-0.9684594839652384,-0.851277067464629,-1.0754687004898127,-0.3210033308880559,-1.3464737594439882,-1.2989667502114615,-1.1184369632555684,-0.7716689301221831,-0.3316677726679312,-0.2224815027494898,1.0393336984228114,-0.30901258319998354,-0.31201786712815244,-0.12106144690350659,0.04821670484923084,-0.9684594839652384,-0.7858494544189378,-0.19783879268017804,-0.19783879268017804,-1.0907104292143255,-0.485394138212572,0.27071855541687007
9,0.784773804618297,0.023978930908163935,-0.7968786349137572,-0.06151967604970037,0.0338162083708797,0.03892016915341925,0.20110407005291908,-0.7579191531586759,-1.3951455788583549,-1.3188933933597065,-0.3619959269461741,-0.4499892427423151,-0.43722446104263635,-0.4947890895190317,-0.3163462720386522,-0.31486889734925005,-0.2778360528384592,0.25408117801269553,-1.3552675187980308,0.0338162083708797,-0.10882313191266865,-0.22177687589104905,-0.22177687589104905,0.09199738886566552,-0.23580306513668023,-1.1494510580646573
10,-0.7783328245680479,0.517929944184339,0.7483142906138538,-0.071870891788514,0.5247918801423189,-0.17652876359139286,0.4324929082920283,0.7574115389177761,-1.0436268785884881,-1.0826630198366494,-0.11301572523506596,-1.014383617442391,-0.2227030157459813,0.22065791111804742,-0.29122832328847154,-0.325521321627974,-0.27538079436449375,0.5580308860683828,0.8270658166305129,0.5247918801423189,-0.1464458239601319,-0.5362848868197853,-0.5362848868197853,0.29986786116597913,-0.36302825102764846,-1.4367372637965001
11,-1.7328053019415723,0.9391565145885821,1.8170287108053815,0.7333048014943588,0.9392238641267638,0.41903448756547806,0.6535725659574844,1.940465440085454,-0.4556319630619137,-0.6433106826520203,0.9999459764394772,-0.06202543005166114,0.6792110127232855,-0.11074266553624759,-0.2573819546381463,0.15191887066838589,0.3620672091881429,-0.5648529078822064,0.3159800346599086,0.9392238641267638,0.6214488539557732,-0.13675656024899221,-0.13675656024899221,1.1258431500923707,0.08017622351645337,-0.2462884347769821
12,-0.15354731522137607,0.15228476249950307,0.11136836422371912,0.8045245812176444,0.1469483584228005,0.7557727377793838,0.16300166995603263,0.3385672952464953,1.6879929820364892,1.558127616133522,0.9194993412371131,1.4223685185624597,-0.23639945179528005,-0.04904427499854115,-0.3128851145460347,-0.2966014618978688,-0.2769787149341937,-0.08000668849903271,0.43714015214398066,0.1469483584228005,0.8082046440778599,0.6291718153654743,0.6291718153654743,0.7916231306322667,0.5374257170114161,-0.7351601931608748
13,-1.3649968673785304,-0.6933061559786245,1.3891447198796028,-0.8661029921853458,-0.6932406892726087,-0.977271865836553,-0.9463707181647725,1.6927047001848694,-1.1587395970379053,-1.2509300940128103,-0.10482952768996982,-1.1663421107632583,-0.35249433123967816,0.11632810931530461,-0.2988471072892863,-0.35697471317361323,-0.33483923002892824,1.3525747486003505,0.745873764287446,-0.6932406892726087,-0.8348295813929573,-0.5210369734975875,-0.5210369734975875,-1.0482192841349989,-0.5840479813538874,0.3786272036984572
14,0.09130515103422686,2.363878615783383,-0.13587204166776237,0.8272748928413962,2.355453085302963,0.8217405695023489,2.679876336428487,-0.18842778813839542,-0.12967825889920753,-0.11440586348338166,2.309617189152067,0.9223920785071146,-0.17431083645213122,1.0193062084600895,1.8025073555216011,-0.35293993422740927,-0.3787049682811653,0.4031709007203545,1.9946192237114437,2.355453085302963,0.5257576892668191,-0.824675064694239,-0.824675064694239,1.7786267044248347,-0.272320610462909,0.8637272167549352
15,-0.15744347123241054,-0.26300633094583653,0.102826057213425,-0.5704277120131136,-0.2615407588107695,-0.5796138429811017,-0.29309740534236783,0.4657497156415821,-0.3174124213052906,-0.37168165720138535,-0.4571341166319411,0.02089786542440335,-0.1563957166560855,-0.30704460782008314,-0.3235866616166125,-0.1399243782471928,0.22838754149750257,0.2481148052238636,-0.1460856058637625,-0.2615407588107695,-0.5703506785970793,-0.5183818432492515,-0.5183818432492515,-0.5055763701577918,-0.49564721263965095,2.064056095631151
16,0.5222079897599767,-1.2038905612448443,-0.5438711620984732,0.5889680906178296,-1.2059755959780751,0.6570015413636877,-1.2502841026738036,-0.12634734642785167,0.16235266011792848,0.16327370399875585,-0.35734964400811564,-0.3571364361284342,-0.21572356099579543,-0.5076749156519699,-0.3124735176903989,0.3659007453644681,0.12856684762663864,-1.0361401628146942,-1.0014233783388706,-1.2059755959780751,0.7260282667470307,2.5922021466367813,2.5922021466367813,-0.1848933689454978,1.4554221008286905,-0.4495246883110854
17,-1.343282110523282,-0.27564754236362027,1.362309554868156,-0.13052803119052542,-0.27733288438896936,-0.30310523412597573,-0.5102878101606473,1.5892822529235036,-0.9733231380283276,-1.0775852435404762,0.32844182737593114,-0.7830507356920036,-0.35662134880013413,0.9139071680813408,0.6885442779710351,-0.3773859311726806,-0.4155400639202169,1.8978079639157646,1.749435209028358,-0.27733288438896936,-0.13410504274517812,-0.0023089981024418827,-0.0023089981024418827,-0.1141040462427214,-0.16724742665504755,-0.8535320413489658
18,0.09937232211419689,-0.4710733769646635,-0.1578430696591944,-0.7385922011346078,-0.4720491582490683,-0.7173369396800575,-0.47997673662451146,0.1202260523919953,-0.6761300563843786,-0.6802882713862491,-0.4013722063562632,0.27572733243605874,-0.4142980187498071,-0.40129113632711283,-0.3198746074989113,-0.327390135764513,-0.22869215560168074,1.0535389435811247,-0.4249003999345834,-0.4720491582490683,-0.7274137211460723,-0.5542500489012129,-0.5542500489012129,-0.6902773139819743,-0.5572280293435814,0.6237495546298274
19,-0.03944221775740514,-0.8202715464014944,0.016048183241615922,-0.8571906713980599,-0.8143758130559106,-0.8504409850202376,-0.8950646298555638,0.03211220836208141,-0.6008046200699212,-0.5986214302030146,-1.188945072260085,-0.9751937896334695,0.06745876827850698,-0.3916252597577018,-0.3045488974777724,0.23646782672028457,0.6212240874796312,-0.44187692010141194,-0.4001339770346442,-0.8143758130559106,-0.8161715366532186,-0.3915267968474684,-0.3915267968474684,-0.9664326740649836,-0.5454381167277804,-0.5061758584560887
20,-0.6596611856172426,1.7314812499106098,0.6315951674348695,1.1022200484249993,1.727154939732628,0.9494496578019072,1.7588734540253497,0.03655060100199787,1.0654853204997792,1.0168424404562544,1.3450722222225087,0.5529563536368473,1.2978394551333734,0.14386285541785962,1.043190310129062,0.15126720692478987,0.35442676986004884,-0.5729991700207641,0.4747501513774178,1.727154939732628,0.9108488248743905,-0.32861040722353724,-0.32861040722353724,1.3548080718731317,0.0939773038696592,0.1701818610800413
21,-0.4104570779960611,0.0735964226560577,0.3631731860759817,-0.2531756669466611,0.0750696322579801,-0.30241332272817784,0.02875873830306273,0.7479626723644912,0.18367555414418826,0.06699121616949004,-0.8932674319060326,0.37491715052419117,-0.45591137500581175,-0.15306393337660304,-0.2416050089633362,-0.3877389349460476,-0.47915145984983665,1.2888270496908014,0.16714640167372574,0.0750696322579801,-0.2880209709737304,-0.43782695227777213,-0.43782695227777213,-0.03658027775706973,-0.375232199448777,-0.07046299334482817
22,-0.06867604808863315,-0.03717435669533865,0.01915871902273801,-0.4760491909361663,-0.03482506760156981,-0.4785535152097724,-0.028605990345487976,0.3146379595567911,-0.9733231380283276,-0.982621544078766,-0.24046082153180873,-1.3371728675270511,-0.33829225188637413,-0.4406906180667551,-0.26613589595117754,-0.18828425769178547,-0.04436521645033517,-0.1535372630110641,-0.5142161740202636,-0.03482506760156981,-0.4788612772778103,-0.5666182181405194,-0.5666182181405194,-0.24304519864925184,-0.4799458121922875,0.49372747561254376
23,-2.6025043303259587,7.155387829107338,2.911737935610361,2.15034875204605,7.157572512414641,1.4738463321999995,6.435139111544112,2.4795957690636854,1.5410694446920628,1.0370261496385391,4.2412118544419295,-0.880354405186891,-0.3784136018504475,1.6574906798834426,6.84861075355583,-0.38511956666506597,-0.4671389284615262,1.2922313691534697,1.4270004217074057,7.157572512414641,1.6613046333634962,-1.285008706951517,-1.285008706951517,3.250028452983622,-0.24106847584794394,0.6450038767749282
24,-0.23740049581495928,0.36021532303195514,0.18708168953522247,0.18262893646321454,0.3597834600045897,0.1405642128265135,0.3764633503104363,0.19070145555253132,0.048975950232985455,0.010218656370948771,-0.13754468596386074,0.26489812897077997,-0.15942352002781107,-0.4717954601484686,-0.2544859046912112,0.23329365427506604,0.10314322001528545,-0.9510039094201733,-0.7273517314854725,0.3597834600045897,0.12802983314279912,-0.21172972993671732,-0.21172972993671732,0.42507795924208025,-0.1423811895414656,-0.05553344636638181
25,-1.230725087983077,1.1866643980619365,1.247653113730945,0.19311007133718294,1.1857338643513422,0.007204227662945837,1.0301047622831712,1.168585056274585,-0.35976322639459174,-0.484207734694429,0.983367859147681,1.8134164303929659,10.605614764985344,-0.38445676384685923,-0.1423384752507492,12.171581069623603,14.330325512409381,-0.8223192242145965,-0.33823510430149367,1.1857338643513422,0.07876611063115117,-0.6988207459404553,-0.6988207459404553,0.6960672741989408,-0.3504502832337157,1.2865321526698543
26,-0.785979574117572,0.7549139740574339,0.7534286866331809,0.51595928118917,0.7568825502085884,0.3760273051403494,0.6842858661560555,0.9656762290883055,0.10040670859617669,-0.037290309206667316,0.6725281732613297,-0.8214708140930013,0.6187134982739252,-0.41630173635253154,-0.30541399951301335,1.075913606521174,1.5405942353088726,-0.6896222439191055,-0.4428514775228679,0.7568825502085884,0.42539328188602443,-0.1932734548251577,-0.1932734548251577,0.75294432754995,-0.021450857029026004,0.5273846379993221
27,-0.07265647071333511,0.05966136818998736,0.036341933757381845,0.39742351073543775,0.07325013001622327,0.37170209282821726,0.07529098821744441,-0.2159697735582366,0.653706273709281,0.6583236953228655,0.09116376559507886,-1.4744738048857773,-0.28855111855070936,-0.4538346173511498,-0.2960404481342218,-0.08025139249464526,0.05247831959126337,-0.4446830312825947,-0.7588158186192273,0.07325013001622327,0.39372783001210315,0.2703735879323077,0.2703735879323077,0.394453743909053,0.16934616202990252,-0.5225553136307366
28,0.10135465368791657,-0.07899575236655342,-0.14133552568688987,-0.07537261204367113,-0.07427085971974684,-0.06600159093107547,-0.045064439526142974,0.19540123218117073,0.8194222310701531,0.7516479758519291,-0.5832716029003384,-0.8062228772902196,-0.35568593612812704,-0.5188768244029356,-0.2810135492726285,0.004301620400088354,0.004590600643397374,-0.7560644604696622,-1.0591447819276452,-0.07427085971974684,-0.09571706054933253,-0.12724527898467564,-0.12724527898467564,0.029466642650572993,-0.19665920740581888,0.008265434595401668
29,-2.1228098461340363,2.3559589066644087,2.295211260201095,1.5447102927193517,2.3546769001672687,1.061094713990611,1.9631905339151408,2.4011193424247543,1.3355996894615174,0.8710680738625016,1.3741274619067518,-0.7218002860997701,0.0840192629403662,0.08883256175392394,-0.2096326975476637,-0.20949895934864993,-0.04830293384761952,-0.0053783363971950686,0.44997978049677745,2.3546769001672687,1.2876004040570204,-0.352552286551399,-0.352552286551399,1.777164596000931,0.21624878991946778,-0.7684661910099483
30,-0.7902421683596763,0.00017277868501546422,0.7570956896122417,-0.41664484318071693,-0.004315699742655402,-0.5019973952649585,-0.12156431850426659,0.53125907781485,-0.12967825889920753,-0.20110208418145195,-0.26342110856388906,0.7504824217069404,-0.1778752253239661,-0.41590300511518535,-0.22965397319500883,-0.002505855887195038,0.04748364158769003,-0.6738321447005511,-0.4527878647377856,-0.004315699742655402,-0.43553187843337726,-0.5412942064278583,-0.5412942064278583,-0.18309892283597015,-0.4580020203077858,0.061493477443927094
31,-1.0247339936957376,0.6207877818446857,1.00893857822677,0.14554564277572193,0.6205333721048006,-0.0059928430547288546,0.4886742810957211,1.1512526871184592,0.8123918565079501,0.5949303636673762,-0.1620910067417634,0.018118539267493013,-0.3367871777069481,1.061532162949529,-0.2830276595298747,-0.37617475478036794,-0.37449368571628755,3.0927044892269637,1.357737746874409,0.6205333721048006,0.04238057800389237,-0.4501356105953187,-0.4501356105953187,0.4354222843838613,-0.26621594944656063,0.1436006256168037
32,-1.429275257976052,2.229138348753131,1.4682363229073365,1.8443693174820406,2.220667246873858,1.4801155684641538,2.0548620824041044,1.2019958531166461,1.2924659675816375,1.0270801779252252,1.771717799177681,-0.4275045102187519,0.12177683690707218,1.6746591235904744,0.8126737426319813,-0.3354617156932466,-0.3890533717638592,-0.2916879018367061,1.7525896915690886,2.220667246873858,1.62272941033585,-0.08372264143416705,-0.08372264143416705,1.8703523230526538,0.5047807562617642,0.9592964742097763
33,-1.4698258919587694,-1.0254990401721058,1.4558802057193703,-0.6926404629732994,-1.0237686628420093,-0.8248542875804119,-1.2975752676129233,1.5738856462345365,-0.48173775662825935,-0.6336418831181407,-1.1328780705035748,1.2094924260769835,-0.09029628524161436,-0.42047591127911793,-0.28076745464529745,0.1300917513029936,0.23494692502248268,-0.6746668159012985,-0.45060985248791724,-1.0237686628420093,-0.6178386260320237,0.11860700533678166,0.11860700533678166,-0.8176032131485982,-0.3323914469161611,1.7905604759744433
34,-1.5638855420303968,0.6055299197388123,1.615370732066193,-0.49228389346737994,0.6027362262087241,-0.6578400427389528,0.35350519189232565,1.643711960196329,-0.5825823512926142,-0.7306095110201435,-0.5112131155915824,0.8402937757975991,-0.3368202290321132,-0.43707874226291965,-0.3025019913391425,-0.19113120776427853,-0.08336411094716463,-0.25360503941409296,-0.4829600429782462,0.6027362262087241,-0.5497271157718054,-0.9714810880616103,-0.9714810880616103,-0.013366714113674995,-0.6209105620377776,1.9736703091516519
35,-1.090779653694554,1.2756874251756332,1.0836175377221873,0.4172663298026766,1.2725435811899517,0.23599161193306897,1.1610474705949705,0.9602745807862976,0.33049167609156144,0.1766943948783723,0.4660917293640259,-1.3092612027111497,-0.41992613916675514,-0.06398777743195101,-0.25564606230404163,-0.37325197698713486,-0.42770255917461236,0.8487336424851509,0.33117531601006617,1.2725435811899517,0.25221554149215714,-0.6027736018358761,-0.6027736018358761,0.8395015401614312,-0.2578358035863627,-0.09710153650027116
36,0.8105452494348954,-0.3690779835036455,-0.8133906875430612,5.443705323258407,-0.37250858775795687,5.656640387221738,-0.24998775187803843,-0.4080421411449199,5.14310224008693,5.142231529059549,1.4511336717948127,-0.812295521870928,0.745826799151265,-0.41590882138568575,-0.2915605603406822,1.2440743782392565,-0.26502675790161834,-1.4659071550551046,-0.504471321319613,-0.37250858775795687,5.79267128793138,7.181280266701531,7.181280266701531,2.1978350793139647,11.414208715190433,-1.7079654035787706
37,0.5887353266353269,-0.14325959824841977,-0.6151780076112837,-0.9444575911439516,-0.1444956248155199,-0.87815716986308,-0.027539808397475385,-0.8309457353926941,-0.6268261335127574,-0.5350808280837608,-1.089194077689921,-1.7693359286016548,-0.44906132703331697,-0.5438626932269636,-0.3050239708377101,-0.2827087754881126,-0.28767755824232993,-0.3242486425168715,-1.6042335749006735,-0.1444956248155199,-1.0573656256617672,-1.1367886581813615,-1.1367886581813615,-0.9361952403714195,-0.7889544125443109,-0.2923511018292682
38,-0.16852965579818008,-0.5740908494918935,0.12549343491301582,-0.7603279674917541,-0.5797741625394693,-0.766440533213042,-0.6395121680477841,-0.01805178120639166,-0.5515006997292349,-0.5456705792320397,-0.8289093541337126,1.9845176819880317,-0.36428131040776457,-0.41839241538117367,-0.13453147560020126,-0.25190528060057493,-0.2840000845788205,-0.5754951093291734,-0.5789169824307294,-0.5797741625394693,-0.7845675668434706,-0.5449104253832808,-0.5449104253832808,-0.8540964580093163,-0.5734926884251614,1.2364244461731937
39,0.21262308575653183,0.39856733069589895,-0.2583857402854102,0.22698529078973995,0.3916742984741759,0.24926400083161682,0.513311600606603,-0.24683729007812957,0.37650866908445135,0.3908003477838429,-0.03594855991505646,0.335681229133666,-0.3670716166113261,-0.2796563499084921,-0.3276567944992641,-0.3191600889956638,-0.2877957031422369,0.2755128373277755,-0.05271633106614297,0.3916742984741759,0.12139001160948465,-0.2390001967942123,-0.2390001967942123,0.4665190168878721,-0.15569369443345143,-1.723521586914221
40,0.21467651728552814,-0.19749195036972592,-0.2642122568004659,-0.7394982910560912,-0.19791342997126735,-0.707512565734325,-0.1549931910121172,-0.43512797857664454,-0.4912403506776688,-0.4422648824851635,-0.8256563194339891,1.0598070069974808,-0.3073216262739995,-0.14855559902962034,-0.3023777435995696,-0.3109090164362969,-0.33076857637385165,-0.22865894596683006,0.31704601242942454,-0.19791342997126735,-0.8077411010656909,-0.8294364225552255,-0.8294364225552255,-0.6794347366618,-0.6526711170335198,0.9568959763626128
41,-0.2583741926234783,-0.09463803940991115,0.20486451760314903,0.7536250106991227,-0.09939327919501309,0.690346076686897,-0.12597515210881777,0.3378492340729178,-0.22702189772794124,-0.27131762941186094,1.0357767558519888,0.39803042562060015,-0.42463650761169974,-0.527012385878693,-0.271802586099373,-0.2173883469755689,-0.3721221091896498,-1.0783597919410965,-1.405136434731621,-0.09939327919501309,0.9021839343706708,0.9829112071733276,0.9829112071733276,0.6740400643967782,0.7678752993762281,-2.2656204498278893
42,-0.422156464227434,-0.1960318515215414,0.38183541152150163,-0.19446773642426354,-0.2016653780895839,-0.2483436232688556,-0.2677566591983457,0.3683193826423521,0.2921441819308201,0.22041740148313418,-0.5024906957900349,0.1155975826802571,0.18603724768378105,-0.47556982043687207,-0.21052072852289805,0.9828161767238165,0.4622135873084315,-1.1190276981791554,-0.8851719612885776,-0.2016653780895839,-0.2125508133915491,-0.15400598521980333,-0.15400598521980333,-0.13095653692992237,-0.2517896147501264,0.5474361985838678
43,1.5181483513085392,-0.3935439328796892,-1.4342226738146215,0.048116005500975195,-0.403486920773533,0.2496963704137343,-0.16158344174317846,-1.472914004035437,-0.3243655390876098,-0.14711784432408442,0.2885123980899057,-0.6023407513494207,-0.3834760652957502,-0.11005222277688408,0.05781262813340472,-0.3538975283718658,-0.48557979366775467,-1.207468438767544,0.5139046797128359,-0.403486920773533,0.3067693606463577,0.6438424960560902,0.6438424960560902,0.1356825965492142,0.288241027335267,-0.3485037437242366
44,0.16579029469935627,-0.6897503168662107,-0.194989190800367,-1.3289433021161356,-0.6904091485408248,-1.2964669205842378,-0.7185972160107756,-0.30370306633402117,-1.3951455788583549,-1.3482374815230422,-1.177365308007945,-1.0319982059256172,-0.4473865717546071,-0.5480554144543253,0.03765730949755663,-0.2579415010982,-0.35601217977681265,-0.8613066013295365,-1.9011646642667162,-0.6904091485408248,-1.4256319952554217,-1.3136077712106076,-1.3136077712106076,-1.6802629790409294,-0.9034764036882537,1.9100379195550032
45,-0.16676969895639066,0.3628282189917983,0.11295423200788622,-0.8609295489398154,0.3773191679229192,-0.8629970707688299,0.39465138354009005,0.1271131363371644,-0.40084982710031997,-0.4146733556518073,-1.1718912385693763,-0.7436824355266918,-0.45791648202167784,-0.565004148134642,-0.3171937894207747,-0.2612585045162366,-0.23169486299316588,-0.2608202640799712,-1.881785369040496,0.3773191679229192,-0.9672296166170343,-1.2660456912053983,-1.2660456912053983,-0.5654333495388837,-0.7970062906285005,-0.6650592323035915
46,0.12656744731742006,-0.429567677825272,-0.1697959569156134,-0.1750269040403088,-0.42812241760698777,-0.1604482380100316,-0.4316042151247817,-0.08186534223327627,-0.235133869739448,-0.23050839965599815,-0.6818074035578544,-0.848567233393304,-0.36347356698146693,-0.5118086981831956,-0.25733125850975763,-0.060474283764981915,0.034049555327466,-0.5450613654246493,-1.2272290307876828,-0.42812241760698777,-0.051481755242348236,0.23664011663118295,0.23664011663118295,-0.14216856095552605,-0.0451445621626881,0.806209930735196
47,-0.3996151855843351,0.04558423276890064,0.3267336875323405,0.792080621189677,0.04000485941271489,0.7067391507937093,0.005035865460975941,0.3062325317713177,0.3813758512789816,0.31438265857393866,1.8829818704943213,-1.2300903882029446,0.3097591659397842,2.923804555331437,-0.23494426689730338,-0.34430677288019507,-0.3208405040003164,0.7877327350448093,2.870891653332578,0.04000485941271489,1.1297749774131165,1.0704650185081013,1.0704650185081013,0.8952695751293515,0.9446064977840452,-1.000342040244186
48,0.40773440816878853,-0.09670807937138878,-0.441669838364532,0.22069414315851166,-0.10594504528487064,0.2709199928601219,-0.00795802839919707,-0.5141918919940635,-0.12967825889920753,-0.0730548380813886,0.25907790619710613,0.9660040444889398,-0.1389765349628232,-0.09564490936517335,0.034744348733098646,-0.2423287352440583,-0.28034297993365476,-0.622484740577423,0.33256511092545793,-0.10594504528487064,0.24241125984160472,0.26794651158945704,0.26794651158945704,0.2606462489943207,0.09965097382281368,0.7378735284645299
49,-0.7120171062775498,-0.19729382237280993,0.6727320017133918,-1.0768521620151608,-0.2010972825024455,-1.1167673750460267,-0.31822137543852336,0.5701715999420062,-1.0177255010202044,-1.0445018480004096,-1.1146558005437324,-0.8290265498227626,-0.4582289389765565,-0.5485422384366461,-0.33024618807264233,-0.32835767208569816,-0.37079659380210267,-0.2552625049543225,-1.8343201804676401,-0.2010972825024455,-1.2067942243445098,-1.277887434817518,-1.277887434817518,-1.130927110947627,-0.8510192673610187,0.6161807845639716
50,-1.2510971900417693,0.6632475481958191,1.254327828478103,-0.1410740630782208,0.6561407166241482,-0.30054573148652886,0.4836600749572452,1.5025954760965552,-0.85994793658043,-0.9690067321931854,0.17101171055785325,-0.4534339250579761,-0.451651313861722,-0.4775913103040875,-0.31315480827241843,-0.3588520529927425,-0.4458240584340582,-0.4550406946148933,-0.856609143600361,0.6561407166241482,-0.23440544035234984,-0.7149707288526099,-0.7149707288526099,0.27770591105640796,-0.4511023352539278,1.694155136371483
51,-0.8840969249704278,0.35758719160143493,0.867390623377546,-1.1807606084733404,0.3520544050226629,-1.2287161653196215,0.23837714882744815,0.7029414166940837,-0.9733231380283276,-1.0127851138018418,-1.1159981040006248,2.1426034772641875,-0.4584245648770016,-0.5286673627925377,-0.32225251978535746,-0.35360618179252856,-0.3410479188625996,1.0149452061389728,-1.2411310979750227,0.3520544050226629,-1.2893010213476914,-1.5651742182658948,-1.5651742182658948,-0.9677877467713036,-0.9195818149032363,2.783175549614834
52,-0.05478512220999446,0.5425571016552169,0.02744157850489237,0.6050836410954452,0.5288794926405224,0.5757737988180079,0.6113470460926103,-0.007199132106599436,-0.27028574001952804,-0.27347537339005173,2.637875818393563,0.48754195503803094,-0.21231019363571374,-0.5436092430832642,-0.30115147061165437,1.0940082305027972,0.18416870560349152,-1.2683799017305828,-1.3989783156042979,0.5288794926405224,0.5375544326679973,0.05540492076779325,0.05540492076779325,0.7332389554206798,0.13573333021055564,0.49551221808777857
53,-0.34839346113375164,-0.2800428259744369,0.29217243461858133,-1.0223139669263275,-0.2835139498312057,-1.034648139407849,-0.34403994290788126,0.18863852906926123,-1.1420521148665255,-1.1349773793467037,-0.8704642311254022,-0.015470667514088125,-0.4509509685884241,-0.5601745114752434,-0.3017457890480544,-0.21938787770900214,-0.22653020575624974,-0.5533666809526052,-1.6728124493649201,-0.2835139498312057,-1.0964891620227528,-1.112578957932979,-1.112578957932979,-1.0046422991359205,-0.793174122676372,0.09383713909554943
54,-0.17462211170989694,0.8619331875421617,0.13235947271271037,0.8328247486709021,0.8592761273363301,0.7795991520262171,0.9399602635868639,0.15711910096802006,-0.045313771745575715,-0.07562514334080733,0.8237356678199651,-0.09437051610580852,-0.09376968833540089,-0.29414869915602815,0.06446164638656147,-0.10250135410804498,-0.04560664215456093,-0.569465085607169,-0.11283162193802351,0.8592761273363301,0.7436450878474904,0.014415722557388285,0.014415722557388285,1.0206030003696902,0.20227075021705795,-0.4491239283588151
55,0.7115857388553106,0.7077337149485036,-0.6800684825206578,0.9897455141369406,0.728924202879278,1.0868815177631443,0.9621152160571197,-0.550127055274892,0.5934459246577151,0.6539054403848615,-0.5582004078098594,0.7687811254982914,0.6923959140567881,9.136025956799296,1.195847390037243,-0.36731072100983114,-0.390231868072716,1.1867988058476937,3.518360630863002,0.728924202879278,0.9268801408032539,0.25980453992879593,0.25980453992879593,1.0041132258943477,0.4058061146737198,-0.10105644465831061
56,0.46035981994164954,0.5821581535869249,-0.4916865011406756,2.347296637117729,0.569561603291455,2.411032824196761,0.7734116157713189,-0.3597995081324145,2.044624681527788,2.0581070681935563,1.1623019124192548,0.840460953598763,0.04838570239146795,0.7077748681301764,-0.29317885218659706,-0.3042744523311424,-0.2403875854474035,0.3001840699140099,1.141280715098026,0.569561603291455,2.7208366416240746,2.0029324660901664,2.0029324660901664,1.8373229867105458,2.607366696613249,-1.8338611706982482
57,-0.3248683292633008,-0.34393435185695487,0.2685469577945184,-0.4279472501673931,-0.34769934746275677,-0.4596510087665236,-0.4098967672949368,0.05843302330971821,-0.20876996639665424,-0.22145638584810523,-0.4036287288987759,0.1883390300327164,-0.40409545900760757,-0.4302637537053373,-0.31588965672982555,-0.2995978442224804,-0.27252694790211734,-0.0037640317821675488,-0.5531025016410835,-0.34769934746275677,-0.4472093250899822,-0.31060415640212985,-0.31060415640212985,-0.3860434694989142,-0.39091610736911564,-1.181848871245417
58,-0.08360389895611946,-0.3578612981482043,0.01839281804878626,-0.47705022196460234,-0.3594073881341423,-0.4794453424001057,-0.3834820042289924,-0.10649100283054827,0.14149330930190465,0.14054577667630938,-0.9372062438757135,-0.48829376738755204,1.059447963015974,0.06353999553700558,-0.2755722771315141,0.13681054083793517,0.5600588049822776,-0.30404837930549733,0.7001691177303918,-0.3594073881341423,-0.4978355201326991,-0.36145469831439403,-0.36145469831439403,-0.4472484389157643,-0.4245771379358781,0.18333029090569636
59,-0.3747699848005564,0.35808275203645773,0.3176841280737253,-0.5106411445912118,0.35442945817421095,-0.5446295137172382,0.34744331560390773,0.45735304900210383,-0.6921081783186211,-0.7267111953610499,-0.7171877932314876,0.08697025133685145,0.021861150753913695,0.7479318493647223,-0.027037841993868824,-0.3114580017440505,-0.30036128531090434,0.009432206492075917,1.1693935503106354,0.35442945817421095,-0.5445680027581936,-0.8524433274895777,-0.8524433274895777,-0.12484566615927871,-0.5847614407572591,-0.6904434189116047
60,0.2938601931237069,-0.059499916706213386,-0.3388574679519198,-0.3047556591573198,-0.06414911362932862,-0.2674694688951014,0.014330422336709255,-0.19897634511273982,-0.204117513758844,-0.18620780977582096,-0.21880591189584,-0.6656968024748511,0.13710254222748408,-0.08087504495046041,-0.29144713345663975,-0.12323559290825405,-0.07863898693734507,-0.5697631494388957,0.33484638194415334,-0.06414911362932862,-0.3335922693724871,-0.3919958170914692,-0.3919958170914692,-0.14980474939786373,-0.3760173640452368,-1.2763005810336592
61,-0.14015903159069878,0.11210086464357345,0.08237204962352662,2.8638863537180486,0.10716054970401047,2.7652475442747306,0.12434283485696809,0.3390352815616358,2.1903451618695406,2.0379723627040622,2.173547453582762,-0.3212919835743179,-0.03908203041189998,0.15898521394541423,-0.12519745551752012,-0.2641842285991637,-0.38199853788522287,-0.9526266928936511,0.9019086381657777,0.10716054970401047,2.955644624743699,2.872473257626641,2.872473257626641,1.7516447165593616,3.5019886934934603,-1.2110107216138155
62,-0.7947403039920972,0.638541468184322,0.7619875444096789,-0.3284188347633068,0.6509508787999142,-0.41951273489852453,0.5583461737454228,0.8809674328682728,-0.7272600485987009,-0.7972351699698719,-0.6564104403736815,-0.17185852997437978,-0.3951962590166692,-0.4447135693967951,-0.31604783904764305,-0.27513896886390976,-0.23260454866704586,-0.11420942437244425,-0.6505288528537694,0.6509508787999142,-0.372098575759867,-0.8345263929997183,-0.8345263929997183,0.17446310051990685,-0.5306353173478849,-0.6264668670436446
63,-0.29799959539325277,0.28071706378388905,0.23462075968236054,-0.1689508660697053,0.2917120945394853,-0.20554273059653771,0.27994851164361506,0.22490308791956146,-0.36695338139154765,-0.3919918734244909,-0.5837902250806674,-0.17004767841597856,-0.3989894090561544,-0.5647222373749932,-0.2649825393424835,0.4941599133115293,0.20516479424571343,-1.0576539249491685,-2.0491551988502534,0.2917120945394853,-0.3023055607549573,-0.58578836304199,-0.58578836304199,0.051919490953356906,-0.42866021150507694,-1.160331917696424
64,-0.2793527104546093,0.3864454787667281,0.2275083437526744,0.02462669832310517,0.39002182321128437,-0.01782374595932203,0.3968897636359209,0.11531179428550523,0.45438358166599935,0.4124383754605454,-0.4827151214823418,-0.2688810841559178,-0.3760485842388414,-0.37493079616814173,-0.24049971806828166,-0.2944308547188597,-0.25540886395552204,0.02286935959622302,-0.3267774806111331,0.39002182321128437,-0.0920129518732025,-0.43746996615316763,-0.43746996615316763,0.2654545866480169,-0.30756414433693413,-1.4860297469206738
65,-0.4180427139942783,0.5582080637450054,0.37434326013872987,1.8422527219308837,0.5510927515923215,1.7058133699464182,0.5535592794711368,0.502376264660426,1.0755287120083739,0.9445571861462911,2.156870612798707,-1.1615312928200594,2.068992824881461,1.593789374519708,4.145942381211398,-0.13250565883657858,-0.06306110261578123,-0.4976432798484553,1.7435114409324335,0.5510927515923215,2.630941417214237,1.9433916082847296,1.9433916082847296,1.7371909033466963,2.4957934529676438,-1.8813751258272498
66,0.09503255099755542,0.21421057190475024,-0.13985912124609423,0.7370023309407787,0.20228147315744596,0.7335842825452472,0.2819117709873891,-0.17689506243087816,0.15153670081049928,0.15979076256733402,0.788708683636323,2.385711785004484,1.7763584312749738,0.887990834607483,2.5067865043375828,-0.051556645019883315,-0.08668014282836822,-0.79129330650082,1.374777181026075,0.20228147315744596,0.8661395380682215,0.6352087043961404,0.6352087043961404,0.7395603497694055,0.5700072496409604,-1.2435181324316595
67,-0.6697386623559047,-0.5394191506594176,0.6222092088972119,-0.680140871720745,-0.5428209620232363,-0.7371383311304226,-0.677178911778142,0.4928622481087498,-0.5898481938899766,-0.6329796369541952,-0.8018441155664874,-0.36752055215662394,-0.37291626119813415,-0.5138252587879301,-0.32994222843855164,-0.08170278120529435,0.04208283309723054,-0.4603363145668919,-1.0243564077188174,-0.5428209620232363,-0.7140941639456646,-0.4838153138183366,-0.4838153138183366,-0.7043513760513709,-0.5341362597836883,0.5460303712979219
68,-0.6152784868652315,0.2805483366785474,0.5641968899922115,-0.3729797975227659,0.2724162814775209,-0.43980551901196363,0.21453385529268298,0.6790711354403467,-0.30498109043299854,-0.3829013597730608,-0.5054076145647516,0.362298003258049,-0.3133029648994963,-0.015235621147340294,-0.15807664714301345,-0.3328476338154849,-0.37918213151497965,-0.2452480620044176,0.5274290184462332,0.2724162814775209,-0.4766039213256721,-0.7446395757650688,-0.7446395757650688,-0.09456739297854198,-0.5330729148805239,0.31667433190675376
69,0.1025050752720461,-0.08274452846058153,-0.1591628886326126,0.626496991873852,-0.0885527192581999,0.6280667659862,-0.04590746753336077,-0.09402030530506948,0.5934459246577151,0.5797021821938341,0.4539075085090079,-0.20955329800587144,0.5493046390810862,-0.23102583150186673,-0.018291174781680967,0.2559635259754932,0.1858482709223291,-0.8928722507390843,0.05084279222663779,-0.0885527192581999,0.729601939580657,0.7827436385783682,0.7827436385783682,0.5335199847596926,0.5725586893564207,-0.4158836002778647
70,-0.9212605272372762,0.031730973417561543,0.897156891035827,-0.7751610754113513,0.024693479996113384,-0.8517972760660463,-0.11252699607882181,0.6562319254306549,-0.46010583801340005,-0.526482537248789,-0.1337219909585271,0.7000201183972037,-0.15001699766458304,-0.42287940743609265,-0.28549828950600054,0.05388615032049423,0.1615485790613003,-0.626463744078976,-0.5076268287726801,0.024693479996113384,-0.8102929572193618,-0.9539150587370188,-0.9539150587370188,-0.4928717026589483,-0.684675665825803,0.2767832757928825
71,-0.09318722087737327,-0.03336362599291662,0.05523278806293639,0.9097001523596444,-0.039207809131509924,0.8680818081965902,-0.031119248949143002,0.034980082283321313,0.3109755403767007,0.28512308975576156,0.4412750391084828,1.9966191717145305,2.7268070858363394,0.6433129643788453,0.33850616714920634,0.190914428998226,0.19433346464646,-0.8098245094860205,1.1481753279570135,-0.039207809131509924,1.1933609987672473,1.228582981265053,1.228582981265053,0.8239523391195256,1.0700119217553024,-0.333828842404814
72,1.2348596948685417,-0.11042422585597675,-1.1941995053721155,-0.5461532810290292,-0.10514692134258628,-0.4071859786027211,0.12656385652652288,-1.311043697870784,-0.9733231380283276,-0.8427705904544134,-0.40460787529194986,-0.10526368375109327,-0.32341890362224013,-0.2676042000150712,-0.007906370441744033,-0.29092361323984794,-0.34038664838030624,-0.5444615065875194,-0.04520755212898522,-0.10514692134258628,-0.5326055168217403,-0.5811577355608022,-0.5811577355608022,-0.3485382766682516,-0.5015930664605098,0.062623125408201
73,1.2864240967959084,-0.548321757825427,-1.232122846689412,-0.29134646714840984,-0.5487487182852733,-0.13665256859451572,-0.3835265229339988,-1.2648894319847228,-0.4912403506776688,-0.3472357625017765,-0.3906814545432174,-1.4702351256785913,-0.3431107294893209,-0.3739042675354505,-0.3043239492585155,-0.25947499131254675,-0.1549044254709924,0.07753168630055338,-0.34147147871666095,-0.5487487182852733,-0.2543538912108784,0.10442353910000876,0.10442353910000876,-0.38584298948682333,-0.18075583423398683,-0.4489979477767124
74,-0.054321534296441494,1.2697341395311061,0.0012985779503852236,1.0686474645022972,1.2597843821903396,1.0331814401361412,1.422829470624781,0.01735447933480987,0.7139666202299123,0.6790988988961916,1.0996998037094132,-0.037015002883824095,-0.3705385975703426,0.39018129685132125,-0.20865117695716226,-0.37159337384119623,-0.3894248069059373,1.7315087304294312,1.0196872113645552,1.2597843821903396,0.9318538838150148,-0.07450491630454649,-0.07450491630454649,1.4515053861033467,0.233898338455886,-1.012549825594078
75,1.0765032208776508,-0.6886462356815892,-1.0500349885293936,-0.6055485141671443,-0.6911306847675304,-0.4861226635099327,-0.5803484650321572,-0.9374274885952381,-0.3104593035229706,-0.20187517353046255,-1.0164099963347724,-0.06406728571263387,-0.43899768556637986,-0.5145815455501417,-0.2536831792876358,-0.2975502069389827,-0.3203826300623962,-0.3456388815545146,-1.0599394750535165,-0.6911306847675304,-0.5713957390625469,-0.17019722592977948,-0.17019722592977948,-0.742138310473524,-0.39564782120964714,0.07249614790976894
76,0.8883944540611126,-0.35769050100608635,-0.8827579354478178,-0.4128735444994073,-0.35909093059468844,-0.3083628169228518,-0.2240152038508297,-0.9035053701051694,-0.6147740657271923,-0.5154685147020368,-0.4838670092222757,0.03118673798044315,-0.15948138953366886,-0.17383096523684238,-0.2771908387616717,-0.22454007952100333,-0.09256783378343002,-0.030325453154960484,0.17888255793039162,-0.35909093059468844,-0.42252964741679905,-0.27123725517103286,-0.27123725517103286,-0.39694115599612695,-0.3696984881114505,0.7130433362854887
77,0.8603899844951327,-0.2121865968693658,-0.8350500855331443,-0.14202197024892035,-0.21461271529659992,-0.03777465663179389,-0.0643801377362663,-0.9026102828228578,-0.253211973948731,-0.14760472581609616,-0.2001135033077193,-0.583155334968709,-0.4536929258831073,0.1722930268175624,0.3367135012984754,-0.3898233115952871,-0.47829012954092337,2.8012966701740525,0.6261665220856214,-0.21461271529659992,-0.14773976747947246,-0.07164121478623982,-0.07164121478623982,-0.08066074541501128,-0.19740946146672525,-2.747984019327138
78,-0.14012994340386753,0.15764430427234724,0.08890827060291702,0.0005024799859185533,0.15295989178503988,-0.022608462862178814,0.17331693556018427,0.15309083579990984,-0.27028574001952804,-0.29216354194691035,-0.001138512528552777,0.2708982723882335,-0.3105801449112703,-0.01962706232028864,-0.27618360087242305,-0.33127761363018216,-0.3042033324335802,0.46593245637670394,0.4506997745186427,0.15295989178503988,-0.0456402442381522,-0.242115891832982,-0.242115891832982,0.19281066078849163,-0.21925251170405452,0.4368569897674358
79,0.9735365694850382,-0.3444296193021575,-0.9669728566895339,0.6963964005542899,-0.3501871908755671,0.8431461552028734,-0.19287417988044914,-0.9927215113400694,0.8646174928588277,1.00590763622309,0.23899076539410533,0.09304629692299932,-0.22216011798645507,1.6665620838473583,-0.23452710133900928,-0.36956615064735865,-0.41614137202121027,0.780865736823501,1.922650959556714,-0.3501871908755671,0.8981424937001143,1.285328964585614,1.285328964585614,0.5104117742104876,0.9215335933634793,-1.3851976728520323
80,0.24642507808639239,-0.03395576478993026,-0.3019575917736645,0.3286836289027356,-0.03826538305633545,0.35682747511443474,0.035994031191633226,-0.3328357583480917,0.03905071793899038,0.07044195351933481,1.0523328249479809,0.3081278265371578,-0.3734538089606528,-0.38545199980591294,-0.3202956982745519,-0.28616450548757577,-0.2385576998948014,-0.0008929114865969266,-0.38183166244848565,-0.03826538305633545,0.3755945321832649,0.3505682653112966,0.3505682653112966,0.373071487566742,0.19595960028737164,-0.5686589129568309
81,-0.37823603672313627,-0.21114153084091522,0.32659869415649945,-0.7154804246907956,-0.19952556160293183,-0.7424968401852626,-0.2747322048046635,0.2554348977088875,-0.49819346845998824,-0.5221226616522867,-0.6777320229699603,-1.4979768053318558,-0.43333636686882554,-0.32227120641426543,-0.20955276361631067,-0.364101212198276,-0.4104802299024261,0.47257672987722493,-0.19079673089782037,-0.19952556160293183,-0.7429366053795695,-0.7548067630329355,-0.7548067630329355,-0.6393436386341862,-0.6147908188457668,0.38770884716282894
82,-0.1748769979598431,-0.31181895417884425,0.12155163214337697,-0.24988335091965985,-0.30247747592641533,-0.27022630850941354,-0.35007812264853616,0.09990403526528997,-0.9914012422376104,-0.9830291694826179,-0.19176324158295222,-0.6179976513963804,-0.45171674986666427,-0.4226869343036537,-0.3170724196003828,-0.3710781944702428,-0.3870818269716161,1.7214563841944985,-0.5390277390231716,-0.30247747592641533,-0.24816743723036044,-0.11368778526754358,-0.11368778526754358,-0.21789021369943704,-0.2518724719581821,0.19453017891242133
83,0.04308591084906496,-0.12978242954803493,-0.09448317917009362,-0.45767972096015713,-0.13242621691539636,-0.44775699530276325,-0.11037773293588624,-0.047264244728715946,-0.5635527675148003,-0.5544934197496805,-0.17513451859549642,-0.6177434645393889,-0.3305781171799518,-0.1934218805354275,-0.2486594288141334,-0.31474437990672194,-0.3121750104570308,-0.018482667109553683,0.1281447737131394,-0.13242621691539636,-0.4794470373848325,-0.5046498254868731,-0.5046498254868731,-0.32654456281085753,-0.4613383366655167,0.24965261957736015
84,1.7044093092872694,-0.6117996394051879,-1.590242390345428,3.1964430793335032,-0.6146297115110495,3.625678981520946,-0.39431872766060944,-1.4571113270496583,1.557611501889967,1.822293668021708,1.8770770211430032,1.2823683701727062,-0.24602150057826708,0.20548232421980786,-0.29900666102872037,-0.33083092926801727,-0.3763643574633718,-0.2592027348469646,0.7985343897550912,-0.6146297115110495,3.4379235588257955,4.973627341988521,4.973627341988521,1.4603079325600754,5.824624959492437,-1.3063156943170198
85,-0.08640400155396043,-1.0011505542367938,0.041336232090453874,-0.8329817786046726,-1.001575559729413,-0.8291654964949706,-1.09867050960326,0.28620751161380253,-0.7624119188787812,-0.778340981416944,-0.7328138662280641,-0.39154360386802123,-0.22817118358210062,-0.4732655685866195,-0.28688935118003156,0.10013362826839149,0.2907294572144723,-0.5507354521764359,-0.7416666820794758,-1.001575559729413,-0.7702011735139329,-0.13874612514345924,-0.13874612514345924,-1.1575735654473838,-0.46422195223812585,0.2698245509024984
86,-0.41882450965641194,-0.46906383940116375,0.3893038211155128,-0.4704228682369579,-0.47315809686269716,-0.5136926570583296,-0.5656544794544031,0.4252141079197916,-0.6921081783186211,-0.7237883173586611,-0.37306409457061446,0.11373237631420259,-0.44426425044208395,-0.4086425441114617,-0.2267022990902638,-0.3633081130546354,-0.45658681330960876,-0.5132856806845172,-0.48056841693670543,-0.47315809686269716,-0.4566808009476,-0.21890314360746793,-0.21890314360746793,-0.49539175075888797,-0.3663057989712449,-0.7310335877248502
87,0.49495229792817974,0.1992049517418113,-0.5184026908741498,1.3890551506447157,0.20079762890501068,1.4559562935875032,0.34372453400032354,-0.38477255698823976,1.3888825250517696,1.4144928516502966,0.43440613458631344,-0.1994177962413009,1.8780197964510827,2.6924834865712786,-0.15768121403269933,-0.2331847708044562,-0.13058891809631473,-0.09532893933499531,2.690693441629602,0.20079762890501068,1.4406395559916039,1.2111872444167004,1.2111872444167004,1.2342575623252963,1.2084630836015366,-0.9602163969162242
88,-1.227531464350693,1.1465445184818333,1.242538051876196,-0.5554633452633915,1.142634257617324,-0.6799716595787629,0.9894719657070726,0.9137391364499715,0.18668857109057935,0.0492182247541615,0.6597478472195742,1.07599498859767,-0.436425938501563,0.16598355900758757,-0.2862812208051288,-0.38460921288389416,-0.4590246418724749,1.6718091237790227,0.6480772772449362,1.142634257617324,-0.6852883708170774,-1.2826999454830301,-1.2826999454830301,0.07750560575611122,-0.7405921448682663,-0.23919472495691976
89,1.2933288139916228,-0.7999382694014178,-1.2425201711852984,-0.10692347375549742,-0.8042396530481416,0.05731802603587304,-0.6794546661819114,-1.2610066763196295,-0.12967825889920753,0.02711045264950235,-0.607614016919059,0.5884655888473919,-0.2927731305197209,0.09814974639798175,-0.27302501490080444,-0.3362880894072481,-0.2992537837166663,0.6946865396434809,0.586512181231796,-0.8042396530481416,0.05928940834573777,0.8231599714847693,0.8231599714847693,-0.29490536035090126,0.23081374097881485,-0.19180537554725352
90,1.4451096157080459,-0.44696628597957494,-1.3661637544662846,1.7283190330628906,-0.44548905995649996,2.004865379054477,-0.23842623008703245,-1.3978117161969246,2.4188323148936606,2.7083818281812158,1.187922315989686,-0.01548342894440892,0.06305221508054391,-0.35071998046849306,-0.031146356813814335,0.1207599418080508,-0.17106624552484065,-1.1502387042053501,-0.2591891494492838,-0.44548905995649996,1.7487042263267185,2.4568862086404213,2.4568862086404213,0.8383864043336046,2.199352903929654,-1.245895935007669
91,-0.06202273304248944,-0.17808785873933336,0.015382899511856962,-0.2957758375522699,-0.1750083573064382,-0.30206559735480487,-0.18392451371133312,-0.331834812118338,-0.3405894780487539,-0.30471102575252534,-0.35177604527231,1.1127282066002868,2.123134981136058,-0.20057110853573062,-0.30982910680831266,1.1293815361807744,4.1131495427637015,0.33253592776279467,0.0457979117367628,-0.1750083573064382,-0.3103412697920015,-0.2861950140072281,-0.2861950140072281,-0.1709673777347378,-0.3330706526507249,1.0770664912747674
92,0.08333539296990929,-0.6072846184978569,-0.12658439848612404,-0.32300150708581404,-0.6106777067832639,-0.31159731464701623,-0.6370536855653711,0.0018623036349698725,-0.5898481938899766,-0.584956929645742,-0.20242373284732312,0.9816519249775545,-0.36248625412907515,-0.33945518825891646,-0.3218300448672842,-0.2964936427838108,-0.19314111519353366,0.453797873851436,-0.21610272188435012,-0.6106777067832639,-0.2880049876796391,0.12382773177589754,0.12382773177589754,-0.39730224175895884,-0.18872077315248903,-0.24339681236596283
93,0.990681341265882,-1.4959114391475108,-0.9845846982210991,-0.8634287863959176,-1.4961632646085397,-0.7592664242821201,-1.5334098804754406,-0.7763097197916372,0.2025069125900689,0.29758595852063613,-0.9926755402653863,0.1038396251428374,0.891103922800179,-0.41024193453196783,-0.3128891999868385,1.379566023969483,0.9413652436167771,-1.04897737888855,-0.45534395473907535,-1.4961632646085397,-0.7600125616495564,0.562592026840875,0.562592026840875,-1.3929812652458735,-0.2785647434249055,0.695923790977933
94,0.48716419923678744,-0.6938091303299806,-0.5112738002737323,-0.7113747000914057,-0.6936117254248455,-0.6539264520113024,-0.6739940473098645,-0.33408495664752036,-0.44604508888899436,-0.4084884796882155,-1.1507984912522637,-0.7344886101229489,-0.4104330313855058,0.1059228250587739,-0.14809232262140765,-0.3753049819139576,-0.4360811019060934,0.833807026947442,0.5443009230931811,-0.6936117254248455,-0.6767423337222979,-0.30878124667882245,-0.30878124667882245,-0.7633498914119162,-0.47390630610120266,1.460488704004124
95,2.324984404871838,-1.0976702067990054,-2.0985238017046273,0.049831484909937246,-1.1000723977277935,0.36253717580769507,-0.9018789781952513,-2.187285206356626,0.003528827545488866,0.3082207017021853,0.022648376108773627,1.0143217917313296,-0.05397112190326034,1.151563825741507,1.0337716252950204,-0.3405113751941297,-0.37020328409337283,0.046952645903470785,1.2237685829509135,-1.1000723977277935,0.20312628431845545,1.514121012468532,1.514121012468532,-0.38102739959586274,0.5903502361075106,-0.7678766458411751
96,-0.02965106519763331,-0.8542985211334826,-0.01601961113622888,-0.49239873712450777,-0.8560840725624249,-0.4906134708923836,-0.9282062657841443,0.08085063991828018,-0.5816308742550181,-0.5848893811565228,-0.2525759469911086,-1.5624126258948325,-0.33908268903461464,-0.39322824864689115,-0.33252614786978846,-0.24092414744539836,0.016683128549457325,0.5777135666468577,-0.35125366947926584,-0.8560840725624249,-0.4376293921600836,0.1873833290992875,0.1873833290992875,-0.633363855965139,-0.23358332748792907,0.44128199311029004
97,3.7618397347464296,-1.8334561900544024,-3.152463086572459,-0.16700544652467356,-1.8353738643788486,0.3044183306440989,-1.695750637503946,-3.29938695690263,-0.3405894780487539,0.10073920493356067,-0.19186685324442063,-0.6918075966109264,-0.39873155696698326,-0.4661807241817425,-0.311432636772244,-0.25995827248535275,-0.4004525926470018,-1.0576593933709075,-0.6469602184050088,-1.8353738643788486,-0.03193234127080164,3.019721843685788,3.019721843685788,-1.1235014330397812,0.9978335941745463,-0.5240523911606713
98,1.7257331784396475,-0.42193836301936366,-1.6046208209247197,0.911018151568985,-0.4229632512951998,1.1964699224871902,-0.16242416662239392,-1.453856884711384,0.2815986200875156,0.4850470707637377,0.7801933519043938,-1.6876457656946844,-0.2572652124371147,1.4033691618429494,-0.19705827907249107,-0.3702806162525862,-0.402399042042072,1.2106291899734363,1.76315218991671,-0.4229632512951998,1.13859118231443,1.676176132562993,1.676176132562993,0.5700799867252803,1.2845200059975912,0.1871842018455669
99,-0.20631480536641086,-0.9655691634117266,0.1565825082921814,-1.1839183294648443,-0.9542354047121887,-1.1801615415134714,-1.074622787245318,0.3427987131622895,-1.2143645342345917,-1.2150926778427271,-1.1499032533505902,-1.1370999327878295,-0.3395643905446722,-0.25804271482210556,-0.29141262438281373,-0.30514264794400936,-0.24721294496548546,0.2705292386868006,-0.031190005357118716,-0.9542354047121887,-1.1178867401202097,-0.696926455385715,-0.696926455385715,-1.3590952648989465,-0.7134813554466587,-0.6526554863585212
100,0.22043749750829547,-0.4961699487137372,-0.28021992958569675,-0.7081426390611246,-0.48904329461659807,-0.6747934380686014,-0.4878483798029039,0.4049360141223294,-0.4397177522891988,-0.4815682742673388,-0.5229997583659471,-0.08659932208550197,-0.44371821657154714,-0.5375417388321997,-0.2682418397646244,-0.2716225273279245,-0.2552672612704192,-0.27099359723354666,-1.0930650875601926,-0.48904329461659807,-0.6780371917664527,-0.4797515193499844,-0.4797515193499844,-0.6175929921174101,-0.5208860624744213,0.3338964073542861
101,-0.4075750990394617,0.6887301786190959,0.36694953825519794,1.7573354525327038,0.6851599583061088,1.6259696302959488,0.6970919701178017,0.5881994904106567,1.2623357930558547,1.106169045610974,1.6603144664729168,0.8653988336438143,0.4933009173814118,0.8992850048720528,0.27561950370359994,-0.24850101752087014,-0.18323805721329123,-0.167086412520152,1.1486284081497253,0.6851599583061088,1.7668434244653997,1.0300514724946064,1.0300514724946064,1.458937259717487,1.286240868992946,-0.4666545501071422
102,1.3131707656145202,1.046882024621556,-1.2660517652148644,1.427332532182475,1.0416299603695967,1.6646335408548325,1.5130458760867158,-1.2706059915454901,1.5079853328271882,1.72698745644464,2.1358874987731773,-0.01226734934572058,-0.34641739593855053,0.8895689083768813,1.150091405257338,-0.3755547725946393,-0.4409083564969165,0.7037806099879714,1.0653635878060164,1.0416299603695967,1.2828842529750302,0.33796812565983836,0.33796812565983836,1.3568761725469867,0.6117046621246037,-1.343576848702625
103,0.24962917427629278,-0.9093089395704224,-0.28937712609623706,-0.3054191470007804,-0.9104180481606999,-0.274281308756233,-0.9510386994455589,-0.4022142150706627,-0.6117610462498664,-0.5653572380075949,-0.6866112851859895,-0.9819990751291914,0.1074095854386959,-0.3764950965175908,-0.2756121222567735,0.2336559434817396,0.9953695425778338,-0.065344489935761,-0.29460555133092114,-0.9104180481606999,-0.24003136025549832,0.539529366118034,0.539529366118034,-0.4961876837984366,-0.02691341148220025,-0.2647603307283616
104,1.538834245221153,-1.8013128755418524,-1.4741081179772315,-1.216549339794234,-1.8025065061745607,-1.0811387798679268,-1.8414006620574612,-0.7232252502262048,-1.3762580058231868,-1.302148648452402,-0.7102871156094538,1.3178247289405736,-0.4227141679022054,-0.48504004467705825,-0.26884036621755264,-0.28931075497510217,-0.24093146574886726,0.031571656704688755,-0.6327829967256544,-1.8025065061745607,-1.0880677393790181,0.4516706871420654,0.4516706871420654,-1.7653527744864832,-0.46537728608507994,1.5443334177918804
105,-0.9815615741825164,0.5942262291453061,0.9658083087903647,0.16917973344752765,0.5922690573470227,0.021603173582914987,0.46940350292060207,1.7271930199846375,0.08123296025033858,-0.1438388024761036,0.29748596234817926,-0.12472070565179208,-0.2380240066630431,0.21160129184211848,-0.26051212848335037,-0.3290763085597274,-0.3118264648381732,0.32427455169195113,0.5128068055683864,0.5922690573470227,0.09400141394857695,-0.3877169579951352,-0.3877169579951352,0.4524757768268408,-0.22412795240437586,-1.0261137073361724
106,-1.9555469582576872,-0.6322596281333808,2.073267083422212,-0.8797525577913462,-0.6332501058522095,-1.0425707057952887,-0.9717094576588083,2.8767300497641344,-0.38277172289103695,-0.6609605868844245,-0.9823938306804241,-0.02544438406269493,-0.42563164606882237,-0.11339020188780691,-0.26487860667256874,-0.37378548610017176,-0.4391421073948923,0.5609573399245522,0.17467647856498217,-0.6332501058522095,-0.836159312078767,-0.5704220938617093,-0.5704220938617093,-0.8225884871304695,-0.5966978788163784,2.85297220918556
107,1.7584039522502248,-0.12406963759156493,-1.6382778122638402,1.5067488576496026,-0.1276313127578887,1.8394547359615463,0.20455226846432548,-1.2932689202418466,0.7139666202299123,0.9076821327096456,1.534711571801251,-1.091777100211572,-0.329463917175979,-0.14961534904303062,-0.2196664542044359,-0.32220387351772395,-0.3397245974947785,-0.09758085988496656,0.15129936340237482,-0.1276313127578887,1.5652451008646486,1.7459248770309441,1.7459248770309441,0.9203885988954768,1.6140761037694153,-1.1101166658213348
108,0.37717647790112624,-0.23049148941725764,-0.3978233202527868,0.4506081708148914,-0.23790863166712528,0.49360813402120224,-0.1677081279839543,-0.4352804852365281,0.5452376459226492,0.5873645702389041,1.1231845745339262,0.729916629903393,-0.21682071667092254,-0.06053493951735574,-0.28435042123087856,-0.28602373703528283,-0.2892912953135311,-0.2956701469547514,0.36907290196811043,-0.23790863166712528,0.6583096818412144,0.8681731356729121,0.8681731356729121,0.404320217050643,0.5754141820165117,-0.4956723233877089
109,-0.7162137051765443,0.011804127438242624,0.6856897868125109,-1.143642409737138,0.011066503100697386,-1.180820061398658,-0.09654721427052304,0.04088137070534169,-0.5292995182332965,-0.5301543313925678,-0.8651473165174298,0.9853072283429163,-0.4426356016368625,-0.3631638562646423,-0.3259550807183611,-0.36803418216795525,-0.3851058096785582,1.3855644433647525,-0.29861407999261136,0.011066503100697386,-1.2147061684637122,-1.3742218645477555,-1.3742218645477555,-0.9466184401152246,-0.8708885737857799,1.324420011152052
110,-2.5772709764529753,0.2988475859877186,2.837876698108594,-1.3719511205285206,0.3096596104090743,-1.5177484707042361,-0.16355519409743444,3.5417220808789076,-1.6294913798819113,-1.745044169955494,-0.40541913993292894,-0.2617995703771856,-0.4511785489941274,-0.3845453871623868,-0.204085325197821,-0.3749124134242723,-0.3659950873317906,3.0615964074991435,-0.36273984364240663,0.3096596104090743,-1.3415297447218755,-1.6030339099241604,-1.6030339099241604,-0.9401244659981193,-0.9348492463074974,2.0639733855931093
111,-1.874810102883569,-0.20089335518457424,1.9513346971756758,-1.6426235275184513,-0.1854733022518301,-1.711197875320815,-0.5218529113813581,1.83815606996262,-1.8488259367461055,-1.8740112319144995,-1.177634524974918,-1.3718024755762328,-0.4533284198587786,-0.4593887079484321,-0.25748410176138187,-0.3671434290670727,-0.40349695578986416,0.8630286051663935,-0.6118369644315056,-0.1854733022518301,-1.5763977197408738,-1.6996890295726863,-1.6996890295726863,-1.4748934198908012,-0.9861770704626966,4.018277803823638
112,-0.012395977075924351,-0.6562551632442318,-0.03022610398570089,-0.8314217220570926,-0.6564953386587773,-0.8209223293022072,-0.7064309911503586,-0.10712921409634447,-1.1521391725904624,-1.1231849815291994,-0.7712836340866801,0.44887258447030287,-0.4119242261239749,-0.18325403181402364,-0.09554320693423454,-0.3625176882229461,-0.38174956579196107,0.9376368106302295,0.10121624998264309,-0.6564953386587773,-0.8024429733169003,-0.5076804818697864,-0.5076804818697864,-0.8616709241733698,-0.569942641060228,1.662947507767607
113,-1.2985663560833056,1.119301930052229,1.3222794151564177,-0.005692016733103626,1.115528836512824,-0.18431384610923482,0.9433415411251307,0.7511295228427166,0.675619126069171,0.5277512241373203,0.15849225578185988,1.145917056060239,-0.23732440788243933,-0.2566546946369052,-0.22439778002981292,-0.23505431220748702,-0.22606320159441323,-0.4525604551333977,-0.03698791605661576,1.115528836512824,-0.09330193746106215,-0.804375241995273,-0.804375241995273,0.5146404285396955,-0.4409623881840945,-0.041271786645701726
114,0.3861746532673347,0.9412861875325919,-0.41478846437480066,2.5928028532467304,0.9342301143716855,2.635793442097335,1.1620949201941944,-0.8097479564645488,1.5877416764157504,1.7042066296119018,2.8973226457399868,0.8833941585580548,1.0078407721986682,0.19526326938202493,0.1797433126126285,0.0318377389772044,0.16092413323922244,-0.5791325702015984,0.5559011980350146,0.9342301143716855,2.7652469461286686,1.640407028105538,1.640407028105538,1.9110052738142194,2.347737934244104,-1.3569312344761306
115,0.2296840568208446,0.10847572706921571,-0.29587775341635536,-0.2679044011598968,0.12009500033849844,-0.23624145641279426,0.19507974885171783,-0.14445318561598955,0.23845768757484687,0.24036152922149456,-0.11437450292708203,3.3865336296648874,-0.3840869120892578,0.9359916009889565,-0.23495530540379017,-0.38168444167403803,-0.43946783955514845,1.8939202628290215,1.377845442242054,0.12009500033849844,-0.2965906742994945,-0.47539670973752607,-0.47539670973752607,-0.02175794393401831,-0.39060387578951894,0.22188014079255367
116,-1.0377983167609404,-0.8960314147708084,1.0244186620475046,-0.3524706730823721,-0.8944341257771432,-0.47046381115966257,-1.1113315237320478,0.4843533917608512,-0.5190528192760121,-0.5650098177162128,0.030879704447615338,-0.7959907341177047,0.6485147737345874,-0.5089964494015762,-0.22759984655943663,3.029495645723498,1.493273559326823,-1.1940072718636126,-1.0118507399268075,-0.8944341257771432,-0.2813640984269982,0.45857304986292585,0.45857304986292585,-0.5585816549057342,-0.07435784679883797,-0.34332656249516696
117,-1.2306076008774847,0.07431419994673533,1.2194199416436746,-1.332756788156945,0.08850625981081013,-1.392786178202799,-0.1235102591932063,0.6539079089568521,-0.8110837382931484,-0.8562139964431801,-1.269799930550719,-1.176935951630256,-0.3883871018506677,-0.569741022013833,-0.32735423841971817,1.0440647266422096,0.02829418099990682,-1.325899574835131,-2.054477848967206,0.08850625981081013,-1.3804745680788981,-1.5746405813739686,-1.5746405813739686,-1.1095376806296058,-0.936604290293127,-0.6347547455319669
118,-0.19885753415925247,-0.18513374801072316,0.15088124493193358,-1.014249688693454,-0.18233976582717365,-1.0151673357121114,-0.21573682899039254,-0.324173591745262,-0.6358651868828664,-0.5971813577587594,-0.5431277399560451,-1.1391597433063485,-0.4447329374099269,-0.5529870260413847,-0.32842911524074525,-0.2146112878469126,-0.19756342694277257,-0.47953030998513224,-1.5583886670222575,-0.18233976582717365,-1.027997657417628,-1.0855220444288203,-1.0855220444288203,-0.779948710318039,-0.7708710072025255,0.6644822751357176
119,-0.2541543596365333,0.41977895614709393,0.20853913012988978,-0.08901530193891107,0.4199655398738329,-0.12518526332063837,0.437357100170013,-0.019724317296189037,1.7082623719879475,1.6522076097085876,-0.2139854474489318,0.40787553207612326,-0.3357565513306496,1.2949556793736354,2.6238313891959013,-0.37828622831037917,-0.45047826478173036,0.717273593009307,1.7329548852379537,0.4199655398738329,-0.19063842745744355,-0.5508779366617894,-0.5508779366617894,0.18331823874038145,-0.3809453145259832,-0.5289303039037504
120,0.7129700002923686,0.4324929436886062,-0.7253999848382097,1.0938105824053084,0.42074831687640685,1.2015702469988074,0.6565251254379126,-0.5888560833331876,0.7139666202299123,0.7810061514122258,1.5887613731889978,1.0908983706117643,-0.24703392120001524,-0.20815445961876625,-0.10948945990090748,-0.26150306376888655,-0.29907444162021507,-0.575221635546833,0.0901886252753512,0.42074831687640685,1.1566099022538916,0.7162947622988218,0.7162947622988218,0.9880288853953133,0.7632717647092173,-0.8186523524949174
121,-2.1767142063332656,1.004846058492074,2.3771514022833387,-1.3382909325442747,1.0007642456164973,-1.4644547865526123,0.6076481285160957,1.3293259586013488,-1.018925563927199,-1.1006881942930415,-0.8772123372898398,1.3385452205320845,-0.4617535395489351,-0.4922174684306874,-0.154311978259626,-0.37831830501939273,-0.42346512593945396,1.7887639219651916,-0.7932425136740069,1.0007642456164973,-1.3904164067956357,-1.8120343511565629,-1.8120343511565629,-0.7386177014596244,-0.9766135340816896,1.9482045690963565
122,-0.4929108251108464,0.12889269724851501,0.4344006069348876,-0.8888829725792189,0.11933115218681917,-0.9186407234038872,0.07546682499000826,0.32189412882677026,-0.693112518988041,-0.7149328950137257,-0.8623480814641792,0.30993360722708985,-0.20750911432858876,-0.18600440136085084,-0.3206969443566043,-0.2465326588964854,-0.22290796611950675,-0.353216961585537,0.1140158929662858,0.11933115218681917,-0.9499703747190122,-1.143830911143262,-1.143830911143262,-0.5729342628865317,-0.7652129732538582,0.22285678509650397
123,-0.0327898750183417,-0.5063968125452929,-0.024279603927610686,0.04188656203067571,-0.5087966401160309,0.03318403557903568,-0.5410716178932341,-0.11156333396260341,0.608511011920607,0.5974363967520997,-0.3517467734063398,-0.5128182988829876,0.46581127114377163,-0.015703666651437343,0.08175792257639203,-0.024217522829132358,0.1082207615306426,-0.5195400864823585,0.3952247719490493,-0.5087966401160309,0.1057411295320763,0.515822410591589,0.515822410591589,-0.06772703243716055,0.13508667157923626,0.7113617035000467
124,-1.8865298873072416,-1.0279747277250384,1.969916394582875,-1.2989926017894418,-1.0304196296585486,-1.4069691298718818,-1.3569479442427763,1.0771875856863011,-1.3657161062423064,-1.4026109656776433,-0.9711753432803855,0.23038867063065516,-0.44570636172195366,-0.5092718121372857,-0.3229418405111703,-0.32523934836349305,-0.29816310796191003,0.34306162139938245,-0.8924486228597857,-1.0304196296585486,-1.2468200113899173,-0.8392784168186572,-0.8392784168186572,-1.433482245114734,-0.7790220188063371,1.855518885585825
125,-0.6946717556485072,-0.23732141652873076,0.6581389438417968,-0.3154028588665265,-0.24090359829489877,-0.3956961399958983,-0.35869813780417176,0.5448418136852607,-0.009157560796075392,-0.08868571159971075,0.038299282376519465,-0.3072637476671206,-0.2174694523761828,-0.4483191803542831,-0.2894692439950473,0.02596958016553983,0.07981902799887945,-0.6858085101632767,-0.6020675368148942,-0.24090359829489877,-0.33128786181498565,-0.25945451786863066,-0.25945451786863066,-0.22696556688700117,-0.3320899036808884,0.9398632706991467
126,0.2284145073629211,-1.8355318318538656,-0.338047755007202,-0.9407495943531754,-1.8353831019392701,-0.9014695798097135,-1.991280990412905,0.2947597816940783,-0.6761300563843786,-0.6964952927462593,-1.443795269875955,0.4551365164571769,-0.3420030543296873,-0.4101787067519468,-0.3280247516028677,-0.2008418635977946,0.1960251780776711,1.160483254371441,-0.4161518815208282,-1.8353831019392701,-0.7290393609586997,1.544669843869264,1.544669843869264,-1.4959654213490785,-0.017969489958218666,-0.18211900070182863
127,0.4252903443064121,-0.676020960362315,-0.42790481342369285,-0.3470559726666103,-0.6726653766361967,-0.298588489788876,-0.6669531138386852,-0.657039359023345,-0.5763137829951571,-0.503099598852041,-0.5825579092409505,-0.48005063790298275,-0.24487177512005975,0.11318616320318552,-0.3074900197759223,-0.32208217076859935,-0.26069193009584435,0.584039779264568,0.4465952350107872,-0.6726653766361967,-0.3115467156270797,0.15762665151510138,0.15762665151510138,-0.438608350399867,-0.18776971014363075,0.042060657790968466
128,1.2418624935410303,-0.13891471525611096,-1.2045306838747984,-0.3965991124537463,-0.13905400196062598,-0.2501073727268952,0.0950602399426204,-1.5836851515963852,-0.48559094263771774,-0.30253974336781625,0.13545944439670465,0.10093331662630291,-0.1255618070347216,-0.24107996201949092,-0.3138012130091593,-0.16883541341806735,0.18762001470522746,0.3669799456339978,-0.019456000037552563,-0.13905400196062598,-0.40804492989572705,-0.37302241709549844,-0.37302241709549844,-0.24027217007862126,-0.3975403904602062,0.2919665552003401
129,0.7319213793984731,-0.01221977354579417,-0.7417141131323659,-0.1927512613665104,-0.014106427393294662,-0.10235199143286464,0.14800870799269375,-0.7871030008573976,-0.014635776416982842,0.07871460991761045,-0.4335486963841209,0.1821906441416804,-0.18312158212036175,0.05275736093751093,-0.3004438253665333,-0.29337771252008343,-0.21404156690115875,0.26264153243528304,0.40893827365068186,-0.014106427393294662,-0.21503721138711981,-0.2888547856617635,-0.2888547856617635,-0.03022156569106229,-0.29935049303710515,0.028699329964038515
130,1.1296886612726393,-0.9377815215601013,-1.1196159505807322,-0.9204623640598013,-0.9306476696221359,-0.8044733172991406,-0.861530800514477,-1.3764889488392582,-0.888958650874696,-0.7484359937473877,-0.802582478669082,0.15444755889269954,-0.3512829163440818,0.28127724512948576,-0.3057357502009772,-0.36375305360745636,-0.3858788183453448,0.9543979074266046,0.602009278582756,-0.9306476696221359,-0.8556043982664717,-0.339419737649751,-0.339419737649751,-1.062962808573987,-0.5465739386884576,0.5657076430562129
131,0.6121898852168328,1.8022208746428292,-0.6244281927944705,0.24184264093290772,1.8014531430554075,0.320622965741066,2.2013950618761813,-0.7929307309328643,0.10759686359313261,0.20324066909149827,0.7650512324242918,-0.8490043660012289,-0.08900630571503182,-0.19285473273605747,0.034091699399243496,-0.1756424135858057,0.0024162181841606493,-0.10130661783504451,0.04806304153517368,1.8014531430554075,0.12767082876717356,-0.8517582154631334,-0.8517582154631334,0.8822499570532837,-0.39712740803362273,0.21276919368380112
132,3.5356191029261166,-1.0352945784021583,-2.98658432592475,0.7844121498409172,-1.0375739109138422,1.3728616697580753,-0.6711807963410825,-2.9966196460852426,2.738714332164548,3.5694683742878337,-0.39544917019611825,1.0493155792897753,-0.13932790144181828,2.3432696184241157,-0.2741526429605498,-0.36888857339334974,-0.3874528825314881,1.4272848550520598,1.7334112286044696,-1.0375739109138422,0.8843436396151796,2.4494785217847967,2.4494785217847967,0.02851312997367618,1.5108606338754458,-0.593228425635689
133,0.2366395973179288,-0.4168528208683137,-0.2803061647847763,0.315884449014139,-0.41714246668580296,0.3407392783335452,-0.3986681650067574,0.3353064045479688,0.7906616110823305,0.7013374062754038,0.01659014949487974,1.096698061526186,-0.05230717444655192,-0.27864660370421235,-0.3094278381523267,-0.08676560196546099,-0.2863418983536249,-1.108412123203472,-0.07966151996313879,-0.41714246668580296,0.302942315695428,0.6612117369299807,0.6612117369299807,0.10327429171886457,0.2935544997167123,-0.39725470403041596
134,-0.017236871210711505,-1.0525792963176732,-0.02983394594603121,-1.0157292853505262,-1.0470569169261665,-1.0013841608151737,-1.1463333386600731,0.31363221135663744,-1.3804308438157982,-1.37197136583787,-0.8005482135225391,-2.16975158436857,-0.19217940128761055,-0.5177488722640237,-0.21605444805473434,0.5667334296875194,1.867023519895764,-0.017411476894450113,-0.8697588699809964,-1.0470569169261665,-0.9403432369892386,-0.3518666724743941,-0.3518666724743941,-1.178791355135665,-0.5799100676912861,-1.0443861980088347
135,0.5008690093350474,-1.0123020589111411,-0.5303225526936419,-0.7399631313273121,-1.002378147480728,-0.6806405286664432,-1.0337765951938527,-0.9615856136745888,-0.32408338290114785,-0.2123384805955402,-0.8544701738551388,-0.5922130205758834,0.03022022239018893,-0.5026200516519979,-0.32740105572865,1.0112542157010633,1.2517153889089478,-0.7777764320689959,-0.8196972659322584,-1.002378147480728,-0.6774351860777655,0.002607024630355628,0.002607024630355628,-0.8321483184630609,-0.389565898454472,0.33881514198073176
136,-0.43796014095432245,-1.0467862410736863,0.3712917173759961,-0.9294179799310266,-1.0437887217298618,-0.952002005381119,-1.1910477046948977,0.10687424229805981,-0.02422264805896677,-0.048817335620954944,-1.1828393774465136,-1.286321061005387,0.012712722296627758,-0.4236872939456246,-0.2661873841525731,0.28657250651131166,0.36950375137776365,-0.75452152411286,-0.5176922170613247,-1.0437887217298618,-0.8603739074612387,-0.19236388521458736,-0.19236388521458736,-1.0641845366372618,-0.5140150155226858,-0.13954287523672013
137,0.864518137026922,-0.414251689086706,-0.8545370718039172,-0.022763465635849873,-0.4215070366466957,0.08687485504179045,-0.2947842061674287,-1.0376496283846208,-0.4671362100446685,-0.34939250419466317,-0.27919676982516123,-0.5172746500982234,2.7544316422874475,-0.16533512550480559,-0.19136240376933278,1.3403930814478549,2.442411799565284,-0.49798498226360843,0.12315521091327947,-0.4215070366466957,0.046723649384179076,0.34868574220693105,0.34868574220693105,-0.05522027536274657,0.04190620003282041,-0.40632429486571137
138,1.280616992755997,-0.7126188538929843,-1.283241429041166,-0.9432462775270388,-0.7202965164043317,-0.8116785939039537,-0.569182745008047,-1.7171388473327454,-0.3243655390876098,-0.11453141608668917,-0.8310663892884673,2.7277223190553754,-0.33106131235785324,0.4554334796648779,0.16146970943680194,-0.36447348587725126,-0.3824550103078408,1.0875788778929474,0.8604844667408558,-0.7202965164043317,-0.8890487540989497,-0.5721714685468425,-0.5721714685468425,-0.9149057500568234,-0.6142361178788684,1.1039572715705173
139,0.38340971577558114,0.06527232389105399,-0.4099715826458791,0.2456197883992606,0.0567210222178626,0.2909452272503768,0.16930230505252553,-0.45639421988275997,0.4126648775030174,0.4586048579408934,0.24001329762272527,-0.6242669338388843,0.07472388802751362,-0.39013563517074434,-0.1362806326571274,0.2400652736978151,0.19356175945064513,-0.8686099360894213,-0.41100539682912635,0.0567210222178626,0.22948455836172993,0.11359972210725619,0.11359972210725619,0.2992892082852759,0.030168487163700464,-0.25450519673245914
140,0.21820704532140206,-0.3047432213464776,-0.2587265529021088,-0.30712915034139243,-0.3151432225117627,-0.2797701029163633,-0.2764409522340766,-0.26158986433717724,-0.6720213953014325,-0.6390947029908718,0.5767772936650756,0.7471928030255451,-0.11936928388579578,-0.4560516671274408,-0.24186855441785987,0.2263176701605096,0.6640776997853214,-0.3804279046520113,-0.5878123850298632,-0.3151432225117627,-0.30606154666358,-0.17026436494627523,-0.17026436494627523,-0.2375438549420483,-0.2933575426065912,0.020904259493799992
141,1.773687363663312,-0.9360349041446313,-1.6559454698276364,-0.5580270679203697,-0.9411208807622042,-0.36166207894225144,-0.7748897102210848,-1.6563053695353998,-1.067061457931563,-0.9091642455393117,-0.44052466628980785,0.5021662592780719,1.5524118969552658,-0.4891917150154947,-0.2939419822487976,4.481253547818299,4.381622865729772,-0.9332176849801226,-0.7685836100529173,-0.9411208807622042,-0.49398584417430674,0.2053289291392443,0.2053289291392443,-0.7649503140874926,-0.25306142560673495,1.6038019476874854
142,1.1766731524908112,0.3782615151221701,-1.1602642328743529,-0.44894007225859356,0.3909972405736772,-0.31031412838391775,0.6953223326119635,-1.2756761666908378,0.4503275969257135,0.6308365899973756,-0.5550630947060033,0.8581276755122191,-0.2431398821553906,0.5629785438080215,0.1124152941958311,-0.3500311233924273,-0.38015054697758277,0.25302669903604885,0.858815606120904,0.3909972405736772,-0.46308913396754714,-0.7929941374565779,-0.7929941374565779,-0.02919957415512231,-0.543809068799724,0.0925470812758983
143,0.28016634173650357,-0.7508283411171807,-0.32718407938177524,-1.1094845016138788,-0.7544409170111672,-1.068923429539548,-0.7670586375282672,-0.5489582556798549,-1.187582156034695,-1.1252454685766342,-0.6899660513355639,-0.24724662597199676,-0.34138836724472277,-0.3487384532992972,-0.30593511435916687,-0.27233368871603897,-0.24999973997224434,-0.2365339271312673,-0.2515217389010506,-0.7544409170111672,-1.0468782218283919,-0.7607970125911527,-0.7607970125911527,-1.1478295194621706,-0.7057712256264598,0.2199714373785153
144,-0.5414062207633452,0.2316842491465965,0.49884740716680287,-0.051595069753667344,0.23072865071195472,-0.12626878958485677,0.17444530196425206,0.49164836879160245,-0.9733231380283276,-0.9965130572207864,0.9309712323957808,-0.7527224267136737,-0.2705325880760472,-0.420208693350844,0.18433787510667254,-0.12044842930379651,-0.15128507406710584,-0.7453638385320751,-0.51120380499673,0.23072865071195472,-0.08971354634863273,-0.3384204239400634,-0.3384204239400634,0.22673273971144312,-0.27090782073106007,-0.6651418319511911
145,0.19848547746893838,-0.5335637140609932,-0.24750770163873256,0.07520542492838718,-0.5338039974844927,0.09735870940398764,-0.5352391541242154,-0.2028968501451292,-0.5093184548869518,-0.4851931070635066,0.13599037462896885,-0.7735543471928615,-0.28792177823386933,-0.4486959620879131,-0.304824701313568,-0.09126882829339385,-0.008990035465724272,-0.5307926433484379,-0.7137532405743816,-0.5338039974844927,0.10219311910034884,0.5401923033909097,0.5401923033909097,-0.1020321364450212,0.1429044944263382,-0.3628870963619289
146,-0.44907482627139395,0.594317409488317,0.3969284356995155,-0.7235352859627234,0.5871802255838309,-0.7569772485541175,0.5879742848626898,0.38816878788242676,-0.6358651868828664,-0.666783547194298,-0.1467996304628433,-0.9175046868013711,-0.43249493368014025,-0.4437077696456027,-0.19905953196715132,-0.3364393333952198,-0.4078661694957461,-0.4735852873290458,-0.7251084511634938,0.5871802255838309,-0.792345261505271,-1.1831688343234026,-1.1831688343234026,-0.3018426861668336,-0.7381592659204127,-0.744917323261338
147,-0.00641156878855422,-0.9514357580217027,-0.019297880372076272,-0.6075993916852839,-0.9432191521915761,-0.6029633978207216,-1.0355122245019077,-0.020162021798000355,-0.12967825889920753,-0.13523316826438211,-1.1504418225378548,-1.6475565634450702,0.21591239543814433,-0.4819522277503121,-0.3161654574773305,1.1372427906400973,1.3728954562895737,-0.792664590170142,-0.9232913603369813,-0.9432191521915761,-0.5361644528075327,0.14572816850523232,0.14572816850523232,-1.0066605472003909,-0.2892693603804782,-0.8535067268137084
148,1.0465797817493887,-1.0698147059571645,-1.0219655929320548,-1.1215569282582274,-1.0703832140384713,-1.0216931382330945,-1.0307947205456995,-1.070380995414971,-1.3951455788583549,-1.2978853775457158,-1.1895741430618567,-0.23900810010064616,-0.4322565072349213,-0.47569962791794274,-0.0947819567586378,-0.3186108042678577,-0.31047218097202756,0.07444888691815936,-0.85719245200399,-1.0703832140384713,-1.066706823513652,-0.525492203468014,-0.525492203468014,-1.615852625102844,-0.6618203333349353,0.8094034684939192
149,-0.045596678501919265,0.7669824763618582,0.0006994972854377075,2.2430533320773343,0.7636254388992895,2.181158653598381,0.8659038081772937,-0.0644769958222206,2.4012563810190874,2.337025276475196,0.7312082462612545,-0.7054543837143481,-0.03610074275954328,0.15802510581442972,-0.09359477152947891,-0.2631490860196363,-0.3287724286287551,-0.7042012721563455,0.6572705340761132,0.7636254388992895,2.167394725080554,1.3045631106875792,1.3045631106875792,1.887537177512664,1.710590844714867,-0.5366303984526103
150,0.2736006558660122,0.5006647674159974,-0.31409050190431437,0.865107026495266,0.4964239296063656,0.8916396939179871,0.6404573800485123,-0.560588059588947,0.5030554010803662,0.5653088313476902,1.9127471253286983,-0.35373390636442553,-0.32973772814834895,1.308302038492306,-0.2728557027513354,-0.37768371609826507,-0.4005811939623974,2.52825058062827,1.9882426971441682,0.4964239296063656,0.8179910344663067,0.33808780324286564,0.33808780324286564,1.0807977827015407,0.39580054101241624,0.6324704898010811
151,0.0009251160841920406,0.16356734508722992,-0.04737859517158921,-0.42081206082178974,0.15883969964455846,-0.41698174542125765,0.20684808575237112,-0.31448766465331185,-0.35976322639459174,-0.3256573909471008,0.533355496075719,0.7068273954726872,-0.30805038274303126,-0.48521351560688736,-0.2717757466481787,-0.023796060394948193,0.07357786722872879,-0.5790441371358387,-0.8254729502817285,0.15883969964455846,-0.4388406152851699,-0.6437882739892468,-0.6437882739892468,-0.14017795226292334,-0.4907359993811707,0.04838736980808984
152,0.1522008650413456,-0.6416817126208662,-0.20122922916019628,-0.5465623936384766,-0.6426240089587627,-0.5232923528195824,-0.6637799168650118,-0.09925290464916521,-0.5515006997292349,-0.5373239249659932,-0.43058392460451245,-0.709888659033916,-0.10226493739146839,-0.522025423920506,-0.3049185400527338,0.9710835704238123,1.2180437486629208,-0.7699858706213207,-1.3083882583598867,-0.6426240089587627,-0.5200711023858009,-0.14809740340653857,-0.14809740340653857,-0.7008814935675346,-0.36924123157825767,-1.6500027322709208
153,0.28693424722339556,-0.12640581421975652,-0.3239917790108377,1.2458875920897035,-0.11271620583119436,1.2719517173345578,-0.06392043049458868,-0.2898265086748531,2.4188323148936606,2.410520201006427,-0.1467996304628433,-0.4903322833224635,0.18670860952231655,0.10388432086746717,-0.3101355489133269,-0.17996161232821434,-0.08315804053386155,-0.32108809023464435,0.7320043426262088,-0.11271620583119436,1.263425778515423,1.3949037355219582,1.3949037355219582,0.9378250512054034,1.207344043942216,-1.0508206862207612
154,0.13133965200823206,-0.09697698988738405,-0.177080595933164,-0.5489164514262544,-0.09300326786863075,-0.5283110843753476,-0.058457898977780136,-0.24489237446739442,0.028505156095685907,0.04823888624334639,-0.8197895448441663,-0.6673638466546015,-0.4256988073215453,-0.5441918242022794,0.10513977656237262,-0.14374435654442347,-0.030818563444588786,-0.369717743148742,-1.4085215914881968,-0.09300326786863075,-0.5642028017800532,-0.6233814940290997,-0.6233814940290997,-0.41024589395406325,-0.5239829739030137,-0.24729250357893975
155,-0.3578556700542593,0.09407004496493002,0.3118331658867497,-0.5335523160485384,0.09161526285984754,-0.5660473122597472,0.06068459743106462,0.44631919901930445,-0.12967825889920753,-0.19118641271129858,-0.5478472749481288,-0.724138316481061,0.03870191753662526,0.14499805098598154,-0.22561732833848783,-0.2377156565352256,-0.16004024014039533,-0.170549410850843,0.8585642819897013,0.09161526285984754,-0.5768949485351899,-0.7463313119721136,-0.7463313119721136,-0.310833503833359,-0.5633363242866021,0.0793233902581078
156,0.9346018085885803,0.3879620832495748,-0.930280473852629,0.04203409268122329,0.3799296814091061,0.16457589215375193,0.6524910250020107,-0.9263093591319752,-0.6833202113813345,-0.5822271351077468,0.33811789736772746,0.6276793577430271,-0.3675628566896942,1.3303926798925199,-0.0860980199344501,-0.3823092858581572,-0.4088311356254459,3.69554693941397,1.9225272439053467,0.3799296814091061,-0.010463627533782383,-0.3568089427178569,-0.3568089427178569,0.3685163651683954,-0.24930410550427978,-0.37233985492737165
157,0.0006421342108918191,0.3287450220609524,-0.046872978776019425,-0.341260540844761,0.3263947851424499,-0.33909624193153,0.3902162676629144,-0.020162021798000355,0.5030554010803662,0.48009922136628214,-0.6175415304488617,-0.56669811093452,-0.42172374441714583,-0.4684097198258822,-0.2566288977710293,-0.3026709856761261,-0.31509094293596435,-0.24169658811168365,-0.8436205628534356,0.3263947851424499,-0.40975641202107416,-0.7056949733380852,-0.7056949733380852,-0.01800145459880147,-0.5009495320861471,0.909624624299055
158,-0.39604485372734566,0.8108973893962715,0.34718421375417047,1.928054106604066,0.8041659122825658,1.7941815480153611,0.8344505964716903,0.33416982715429894,1.2060928016201007,1.0985969010178365,1.7322628309111787,0.4470426443858753,0.7655563792588581,0.0005100084423882433,-0.30601215647403107,0.08092601629747173,0.4622883894523745,-0.2848810477552698,0.5039703377265696,0.8041659122825658,1.899887621722528,1.0374600866068777,1.0374600866068777,1.8851899178785787,1.36728361882187,-0.34130236809980996
159,0.4206338239018126,-0.2158183999621444,-0.4475350113817966,-0.2797041894522281,-0.21943668693496293,-0.2287797858203483,-0.14191717997269362,-0.6945822807932845,-0.12967825889920753,-0.04956244408551109,0.11254451294557484,-0.6000592090641071,-0.43222034277475124,-0.4183087325988771,-0.15343834915992877,-0.3449940728630236,-0.375978765658444,0.12024201831072304,-0.5186466953991522,-0.21943668693496293,-0.28268675663283405,-0.22092395090337713,-0.22092395090337713,-0.20793553978740137,-0.30119587551982835,0.9841642543340331
160,0.9223482883467548,-0.675245043700257,-0.9161415347626815,-0.20788233673485168,-0.6790432075473856,-0.0938961239850646,-0.587054631436289,-0.7043425110272,0.18668857109057935,0.2695079506057293,-0.08447465961146972,1.5589652601271162,0.22209586376604412,-0.5635239281431932,-0.3068284482970069,7.908822386718322,3.487869462219348,-1.2584288785340692,-1.810939098940253,-0.6790432075473856,-0.18438509246676657,0.3338137110653711,0.3338137110653711,-0.44235432659976937,-0.07094556573397011,-0.09798466002956728
161,0.15073452468155746,0.23163887075577652,-0.19684055570307277,-0.7833933029142168,0.23763514103915762,-0.7576449770109047,0.31310864852350845,0.07057816684204013,-0.888958650874696,-0.8813929872935262,-0.3988322157190058,-0.6261914969417665,-0.4600675098760722,-0.38677902635549677,-0.22299153580450073,-0.38489868514442116,-0.4771849886664693,0.5434205533689902,-0.4078345110950031,0.23763514103915762,-0.7856360196467038,-1.0317641200380299,-1.0317641200380299,-0.447611494261019,-0.6979446206365694,1.2992752313044358
162,1.3504831511211264,-0.510124375539367,-1.2887106011971858,-0.4927605381715161,-0.5086704168890087,-0.33962953777161115,-0.32797904182194687,-1.1315769925775985,-0.5515006997292349,-0.4251077953891467,-0.5587954138252662,1.5680078288779051,-0.17800167945746295,-0.301465711711053,-0.20795339549161013,-0.1622503086873343,-0.03500651812683434,-0.2861262415522474,-0.1295405563315426,-0.5086704168890087,-0.4709946903398226,-0.20597494977567807,-0.20597494977567807,-0.51704406163408,-0.36779138959407215,-0.46776910719633513
163,0.9319373225721062,-0.1099313214373713,-0.9238170381967926,-0.27956980553597693,-0.10589118241526771,-0.16639339415311757,0.07181606339757511,-1.0579652951504692,-0.7624119188787812,-0.6505341629112124,-0.11563714408466828,-1.3959058147617613,-0.1029101993976765,-0.5231212003225235,-0.3002706242503668,0.9933595456260151,1.099058038112924,-0.836299575011383,-1.2633814805870989,-0.10589118241526771,-0.2870690434870797,-0.3110835762648774,-0.3110835762648774,-0.15907275644219937,-0.33281389227179575,-0.4211863807402399
164,0.4745594128056365,-0.6274941550687605,-0.5060201114841327,-0.3579021222916688,-0.627608273014308,-0.29977504608336847,-0.5993811822072156,-0.40981103024075693,0.18668857109057935,0.22630975619963395,0.030972450124215147,1.4258527796959275,-0.2755769572345491,-0.2910721256476414,-0.2557249501872516,-0.24572684327634356,-0.1725187058466146,-0.14801537754795155,-0.10102594169524341,-0.627608273014308,-0.33304260282095777,0.08246261040113503,0.08246261040113503,-0.5670773378124019,-0.22158436841039775,-0.30889813220247375
165,0.2653372205505115,0.24549998669285178,-0.30990597358756394,0.8147410663876165,0.24781234764020654,0.8408410080322334,0.3521987362058889,-0.25429353491475953,0.7139666202299123,0.7239868254462112,1.2809299820759965,0.39094957825509496,-0.3663614504605806,-0.3671327798460589,-0.040177154775611165,-0.2879655607575486,-0.34610624665275547,-0.6062414864912014,-0.3816284908129874,0.24781234764020654,0.7668471835616943,0.49542367624781697,0.49542367624781697,1.0358400943374715,0.4501074104145853,-1.703383522874657
166,0.5191428119442416,-0.7976876235081717,-0.5511062249128867,-0.5213194544155174,-0.7975002695818556,-0.45854513709939204,-0.7861467888611386,-0.4114429357810201,-0.12967825889920753,-0.08622726692048982,-0.5478472749481288,-0.5074573185204556,-0.43634984481485334,-0.33141471218315777,-0.21570247351673752,-0.36571064397819214,-0.4133159722445798,0.525227967568773,-0.21090394368342535,-0.7975002695818556,-0.4799602761382971,0.062215543994708404,0.062215543994708404,-0.8227192230550749,-0.29011943334717644,-0.3210482586178476
167,0.5628771236681629,-0.6909077922609855,-0.5805599684479663,-0.6779355539579625,-0.6833840876871213,-0.6129050401068428,-0.6596946739713562,-0.44314211437420675,-0.5233792040113575,-0.47349189202561875,-0.5295301943173674,-0.21626856409635667,-0.4138592398303347,-0.48991922248130276,-0.3156096406127195,-0.26222904246457857,-0.2292294316172919,-0.23962278648366442,-0.8691596455620364,-0.6833840876871213,-0.6353050588653489,-0.2628534923745068,-0.2628534923745068,-0.8768715482573644,-0.4460756247660224,0.7330975763471062
168,0.46580153908316363,-1.2724928475276363,-0.4736935163897038,-0.20241506762677824,-1.2652679974883092,-0.1480127929018586,-1.337131924918375,-0.4738629257984499,0.7139666202299123,0.7611769792506424,-1.0945068565943255,-0.850729564310025,0.0044190950822473405,-0.3372349888715582,-0.13721178763986464,0.03872872665081016,0.17083054497766845,-0.5804324635146277,-0.2501823898950648,-1.2652679974883092,-0.07367840287809711,1.3752927876671566,1.3752927876671566,-0.8979587976749219,0.36075204872272054,-0.16610460922497727
169,-0.1471926807566066,0.8692234271393575,0.09886085508466996,0.965930225810839,0.8668553587379757,0.9149176213137644,0.9558815705298921,-0.006406493392753611,0.3272960522108996,0.306917552007337,1.8454517664898902,0.39239087303887654,5.370561727670238,-0.042320601775106576,-0.26061077333798954,2.0324187495596377,3.493896200285883,-0.5302906126553862,0.431382668031506,0.8668553587379757,0.8522048677638304,0.10187278413854395,0.10187278413854395,1.4360276900338727,0.29163390783161164,0.4227892007501727
170,0.4113064820759669,-0.4252532243735819,-0.44517409214259623,0.28816696286124466,-0.41881847200574857,0.33895024445569344,-0.37985675782385875,-0.5347321145756581,1.0303334502196997,1.085802205304802,-0.569013678174244,-0.17108159555946972,-0.12786708589455562,-0.5217154326509491,-0.27753970750876,0.8684330378856528,0.857971879526627,-0.8838885602409169,-1.2407807388168632,-0.41881847200574857,0.289542739894888,0.640864657441295,0.640864657441295,0.12600492940470026,0.2781921381880104,0.03056257509618127
171,2.1606505515635233,-0.8532462386383614,-1.952623052415586,-0.6699624662074078,-0.8417900709521633,-0.4444511154878544,-0.6239242759428044,-1.9858605016216073,-0.7624119188787812,-0.5499340037553178,-1.1903378442543426,-0.7679092641473375,-0.4508909615178549,-0.5384461824199023,-0.2514421044514969,-0.30588908682881916,-0.3299728594547224,-0.2988484813817753,-1.3899208895317392,-0.8417900709521633,-0.6206103929077563,-0.08808969237125334,-0.08808969237125334,-0.9733477996869948,-0.3915737680584288,-0.6696368629757209
172,1.155831243804533,-1.0966285579235728,-1.1223542463132343,-0.8244907162995188,-1.0918653956513484,-0.7046594041478496,-1.047884143640448,-0.9578105593455803,-0.6358651868828664,-0.5309152623660817,-0.8851868291027432,-0.6942961406327205,-0.24022719164235906,-0.21472139474948354,-0.26934034340578866,-0.254943053536003,-0.1444786605662802,0.0712978266057772,0.10939286731302614,-1.0918653956513484,-0.7537135955844466,-0.007676917569063011,-0.007676917569063011,-1.3550348598655046,-0.4237318580724616,-0.00901809069475286
173,-0.1843602127645723,-0.23635765836020123,0.13491772654711306,-1.1457654561541522,-0.2269783546007688,-1.1414977040384893,-0.2693001345962022,-0.020813482582124964,-0.7137400994644141,-0.703166294710428,-1.203322995253861,1.029464144167044,-0.3654206107878247,0.05258225095887357,-0.16005123117776948,-0.3578155844877557,-0.3420165123855609,1.296744530538272,0.6206893491989748,-0.2269783546007688,-1.087841064887136,-1.1294618885563317,-1.1294618885563317,-1.1003461612099226,-0.7946339271395283,1.8687434145674184
174,0.5848287385795676,-0.03747081462382545,-0.6068746023503905,0.2921138345631043,-0.03881105734929315,0.36857250704479255,0.09184990367406967,-0.4738629257984499,-0.12967825889920753,-0.07825794788835373,0.5268516612134829,0.7890245303278861,1.581936387074527,-0.266961970706212,-0.2181770425339868,1.0650520924920945,2.409227695742013,-0.3120538172603541,-0.04481596667642172,-0.03881105734929315,0.25938846832179535,0.22653386959228333,0.22653386959228333,0.38337670801911145,0.09010003658757318,-0.25808230865886345
175,-0.3482469871233107,-0.20914838159934354,0.29942827149815976,0.3458571656898812,-0.20706505328165833,0.28182268323194465,-0.26789009961462773,0.18814437691542013,0.37650866908445135,0.3266740156731983,0.14726866495028856,1.1504370803784383,5.139812696496306,0.3550469204763032,-0.256139054955443,0.9484094951592903,3.6382849175265797,0.3670205635816052,0.9875273420393614,-0.20706505328165833,0.3521500293650155,0.4870321086142665,0.4870321086142665,0.3042002250967599,0.2438601587200729,-0.14237053642258074
176,0.2295690815085454,0.26809029485346303,-0.2691873600495162,0.4933007178195729,0.265459222616514,0.5148475739120072,0.369056512349361,-0.41754143818733386,0.7139666202299123,0.7515834392552311,0.4710935418406601,1.3368908305437441,-0.31723288916620407,0.39257963664020396,-0.18249938844432234,-0.35938005960569147,-0.37517278717767155,0.830174043483429,0.912075598484112,0.265459222616514,0.43633725178791827,0.15545246777305352,0.15545246777305352,0.6395848416863074,0.13760765162933092,-1.107699057455792
177,0.28522011035278927,0.10686048055694566,-0.32017850150150506,3.489259377460468,0.10631883891921261,3.5005427937060802,0.19816231394214523,-0.701768498094479,0.7561488650721959,0.8431453320290486,3.648249190918503,-0.6149720625719541,-0.10991307431823925,0.14992647210550528,-0.23879741493859008,-0.28433257019254404,-0.2705559755702215,-0.20876581869374816,0.6821683985361036,0.10631883891921261,3.3900548348254804,3.321490851876489,3.321490851876489,2.0562220249121923,4.278709705853161,-1.5261752379481817
178,-0.17769338670128515,0.25765615027776667,0.12134640264245854,0.3938948193449721,0.2555201987304152,0.3551566022446267,0.27709060457757484,0.18311626311078527,0.2921441819308201,0.24617230849112856,0.708626460877066,1.710775189257671,0.22844179190293912,0.5010142861414199,-0.30864602290259496,-0.24983135802223727,-0.007789365085599615,0.6038491157658813,1.1347300867182304,0.2555201987304152,0.3450242910873495,0.07325369933262492,0.07325369933262492,0.5434493671464538,0.06247036935620504,-0.057247860095101424
179,0.9054196523274117,-0.775552803055256,-0.900422910646059,-1.0373828116388293,-0.774342660995085,-0.9461147656199079,-0.7061984800741329,-0.9094157920708918,-0.9130627915076961,-0.8182143864503537,-0.9961086485656847,0.0016033640921953452,-0.3790845112209139,-0.4634516135234295,-0.13563959889891597,-0.22591464316862012,-0.24895733956642696,-0.5975149070064405,-0.7850870518211203,-0.774342660995085,-0.9780219889435998,-0.650556422714176,-0.650556422714176,-1.2727779500351775,-0.6606657851521277,0.17630918788943492
180,0.6410445765557569,-0.1430708204483907,-0.666229549847982,1.0290351290552375,-0.1448400698304942,1.123892103419021,-0.017439565282192888,-0.6246312332004021,2.039694289240626,2.1165751446821104,0.37625299708333204,-0.27356725218579053,-0.3493585401870489,0.07469396302607777,-0.21352196983875765,-0.35355073356421335,-0.4259327535577215,-0.2935435717422409,0.6274215065587108,-0.1448400698304942,1.0139245917494577,1.1589472801405842,1.1589472801405842,0.7111294666389303,0.9248370093450944,-0.6384548675340568
181,1.0168968873416209,-0.2804951449335285,-0.9960730796632863,0.20998799426421852,-0.2800652211987889,0.34761282710901636,-0.11273858014582303,-1.2031865035470282,0.9951815799396196,1.1805533799891854,0.21981282025419688,-0.9205640597124886,-0.20696737026027026,-0.31074457665066185,-0.24673307784895485,-0.17826533206843234,-0.16740436041593817,-0.5741127987242527,-0.15980787217447345,-0.2800652211987889,0.24187242599898123,0.4351621735313897,0.4351621735313897,0.1727180374504393,0.16862110810049205,-0.8971008428207289
182,0.720133330915168,0.47054478646589687,-0.7167945376060452,1.1543978938512345,0.4676078759102885,1.261838795094629,0.6988216228629253,-0.6343031855784973,0.7216361190620608,0.7967773725744617,0.8194341074898797,0.9275993012521085,4.774303001764152,-0.1992080620782207,-0.06411357060372948,2.6775997899923194,3.08306450257492,-0.8297451114562012,0.12361256540407281,0.4676078759102885,1.1812223368207966,0.6898663956041649,0.6898663956041649,1.1877088948464034,0.7669131239116039,-0.7549994729270656
183,1.2821555269165372,-0.45156655737071877,-1.2282493966818047,-0.2727714869214532,-0.4524339032542102,-0.1178101397285173,-0.26979947588679365,-1.1496208177480143,-0.4912403506776688,-0.3609248114940826,-0.4236863387590286,0.7848394552559828,-0.2856625636490186,-0.0271431904242225,-0.24239929384812264,-0.32035685056760804,-0.31854195370633726,0.045038584404788404,0.49755437271645436,-0.4524339032542102,-0.2570956226777317,0.008530181278760846,0.008530181278760846,-0.3117609162822676,-0.21424636648117049,-0.8531331354543321
184,0.21104138521288454,-0.23252969539778043,-0.250262053516843,-0.6158479822329375,-0.23001763659536434,-0.5864927999652912,-0.19687469875766528,-0.26848227944948433,-0.8740707999027686,-0.8373674416252411,-0.6597780860680836,1.0892935862793385,-0.40578538368211875,-0.3857436713167682,-0.12814127646693513,-0.3229472961032509,-0.31459899846974965,0.1378276959903316,-0.37534741437750585,-0.23001763659536434,-0.627471698888575,-0.6047652927607767,-0.6047652927607767,-0.5028358462189202,-0.5387477200907703,-0.4119994022151367
185,0.6545974231598491,0.34613509847906343,-0.6745573437091871,0.6534682965990242,0.3426154970979811,0.7453125573810246,0.5457041992901968,-0.42741771930586314,0.42636041275888287,0.46807668322948764,0.7797816046099517,-0.003155944704431262,-0.2399419684198029,-0.4061442609475926,-0.11628484320145001,-0.10329576169738987,-0.2116258933934059,-0.9226283030136327,-0.5108240864663675,0.3426154970979811,0.6063410665006057,0.2597467195854527,0.2597467195854527,0.7606570297041239,0.26077125839737203,-0.5204749480629436
186,-0.7215200508134616,-0.01619454351642675,0.7002692616414974,0.11145132064173471,-0.017584955226157307,0.0025132774058362296,-0.1287866278250896,0.4886311437910223,0.23188383287925401,0.1467820537588462,-0.2720426236753036,2.3955586417522206,-0.383366781972872,-0.3938380452457575,-0.2631845495728893,-0.29317389187433046,-0.3211638112303958,-0.4031203691987131,-0.39096184350882685,-0.017584955226157307,0.09850690400745352,0.03856856301834663,0.03856856301834663,0.19986320065431482,-0.056151649694821164,1.4965639890755464
187,2.5077889529732076,-0.8216728020657937,-2.24014830860351,0.351183873688943,-0.8257231958511745,0.7201164594634153,-0.5335852442809992,-2.3195914663662585,0.5934459246577151,0.9778627994187968,-0.34881989922543016,2.172006088479318,-0.06796736729885577,-0.3513761883249504,-0.29643248066893696,-0.005140665312814578,-0.29818501160863947,-1.2218369965122584,-0.28867252685183886,-0.8257231958511745,0.39404686918911286,1.3251113254626832,1.3251113254626832,-0.09543960494526363,0.6310175324974779,-0.8972582947140569
188,0.2960032592117159,-0.10364515158642956,-0.33011493471831077,-0.796561980579872,-0.10326604092783265,-0.7575497956696344,-0.03711192292993253,-0.5855814923191156,-0.5635527675148003,-0.4980854298981001,-0.8515391506358274,-1.1620952967187381,-0.4491346334575751,-0.5434594844024397,-0.29835062714896504,-0.2842658094833882,-0.2963173636771254,-0.3556556584003001,-1.4123991565758582,-0.10326604092783265,-0.809119684552945,-0.8848543591929172,-0.8848543591929172,-0.6128638942863206,-0.6670042125313926,0.08503157710677714
189,1.0878066958195762,-1.3534817529973684,-1.071822968851393,-1.2487303403278478,-1.3442946686641075,-1.1488079839389198,-1.3562684636328028,-0.9750365403575261,-1.078778748868568,-0.981317173006098,-1.3132989711194696,-0.03004747257680902,-0.3538563791023007,-0.5121091555253884,-0.31803708841853634,-0.028329329712209465,0.13977724723062554,-0.45408252751493605,-1.114872156520873,-1.3442946686641075,-1.1521652238229514,-0.382169673281438,-0.382169673281438,-1.9507268198424792,-0.661649354785047,-0.042726534459198044
190,0.31400489686388333,-0.45447438580117744,-0.34656557829783885,-0.09444015692977568,-0.44860872246647354,-0.057216545760071034,-0.4297804812277877,-0.6302449325952438,-0.12967825889920753,-0.057985239296700054,-0.5119043248155906,-0.7364756322311319,0.16963082465527876,-0.07132087926426671,-0.3025801614153813,-0.11401336752978405,0.3026727236173583,0.24630046040409082,0.32084059638604107,-0.44860872246647354,-0.08258932841044253,0.2187654670936069,0.2187654670936069,-0.179438799559916,-0.0656450282915156,0.13342358031365514
191,-0.38088915890059694,0.9990779137521923,0.32371459949045894,1.479510440162561,0.9985865075224148,1.3681920182380025,1.0449027971821863,0.26376694354672126,1.557611501889967,1.4483827771086,2.8591295852151926,-0.7787621980514718,-0.14770985626964828,2.1440219782982886,-0.25329545800659153,-0.36773448434130335,-0.31189471653420825,3.082753073364792,2.760094102754336,0.9985865075224148,1.4301170357980317,0.48863621906817994,0.48863621906817994,1.7868337456797414,0.7702071763221628,0.12055023092300769
192,1.8085677458277392,-0.9050961281091452,-1.6539678625289271,0.6371328015694042,-0.8999090115182303,0.9145982603246285,-0.7377482387609591,-1.645594839159531,0.7139666202299123,0.9746748799111183,-0.3285243444892992,0.6960957296262458,-0.1350786714369633,-0.26578041431710503,0.5888852213473048,-0.15796271216463031,-0.22008188003256346,-0.7978091528334135,-0.031826779254929105,-0.8999090115182303,0.7017627968597812,1.8941669289353438,1.8941669289353438,0.03779604584389307,1.096994286368346,-1.1611914502866691
193,0.22244292137518032,-0.16481043903389445,-0.2626075934335295,-0.16257249751926872,-0.1629619298748552,-0.13606598936989225,-0.11857638413471445,0.05586353794908338,1.7685227210395136,1.6944960765847055,-0.8353908683885312,1.0816025035549532,0.276917962373554,0.6024097718689857,-0.32861003281861745,-0.25299447973009725,0.049983770531039695,0.9076414311869224,1.1760347064853998,-0.1629619298748552,-0.1727986271024225,-0.14150530793187766,-0.14150530793187766,-0.08109771879725267,-0.23190867792005085,-0.45433822084710446
194,0.6502002656690484,-0.1820161293146151,-0.6704638826542935,0.5155174112132213,-0.18571246591837176,0.6049309006444277,-0.06131106239556423,-0.8779841518284901,0.8826955970681102,1.003287685103161,0.6520554862080458,0.03275203158416689,1.87172561187101,1.194922146559068,-0.26192242189881726,-0.09869642569875939,0.3245358679128554,0.19887171336033493,1.6847329804478843,-0.18571246591837176,0.512517626091397,0.6461576842840434,0.6461576842840434,0.4193399395544333,0.39450599097465333,-1.0636062275420852
195,0.5290537203261239,-0.04939755125575854,-0.5469499470418983,0.43694825254659486,-0.050353058383968516,0.5047570910400087,0.06645416808925739,-0.32855826111634917,0.7561488650721959,0.7772249998832049,0.42767490651197737,1.4356020260555666,0.4939601422019038,-0.2934769421729702,-0.1442417005812357,0.35354378920419405,0.5359234465323317,-0.6878328206197293,-0.1084510133302859,-0.050353058383968516,0.4560288024131085,0.4478725696334239,0.4478725696334239,0.45925252297921865,0.2770741325878238,0.8226656581780655
196,-0.04413426788324603,-0.5383399322088216,-0.0148748117594422,-0.41549090447698045,-0.539385848487656,-0.41551248754469683,-0.5780070190543386,0.02613399041428388,-0.41089321860891403,-0.413753499499989,-0.23035122274644812,0.5450731102751686,-0.26771961012842715,-0.3848802910158157,-0.2497485632434083,-0.1662478866392401,-0.07705630991487297,-0.3788642845041864,-0.36656283099918135,-0.539385848487656,-0.3931097671232321,-0.0798946800935008,-0.0798946800935008,-0.48311130000911884,-0.2983744902514973,-0.3207725936152769
197,1.50990462546782,-0.609005229882066,-1.402440009188329,-0.5039096673726087,-0.600979750951812,-0.3368111980541068,-0.4250160758956879,-1.6377512419106977,-0.536751662929503,-0.3498869229728931,-0.8570858320563816,-0.57894971598557,-0.4520373861657646,-0.3309454449297686,-0.12996607318714165,-0.3797685526552561,-0.4645841880852562,0.33970864254653194,-0.23267113298339845,-0.600979750951812,-0.47690945385320216,-0.13018323531772474,-0.13018323531772474,-0.6190604745012995,-0.34711722729019423,0.9031182568566896
198,1.715094538720602,-0.8692729219571554,-1.6054478265665382,0.09681875515477244,-0.8718709802450292,0.3293853261910431,-0.7024501844456185,-1.1964391079407592,1.0152683629568078,1.2009766202492986,-0.06393638993878215,-0.11504848363944306,-0.41999678833635534,-0.4052039910270939,-0.31588836244194324,-0.3331333507363091,-0.401143416703426,-0.46359506386093674,-0.4207168778326001,-0.8718709802450292,0.16291023433132723,1.0683730096845303,1.0683730096845303,-0.2615201817700261,0.3852492656426215,-0.3136632811099058
199,0.7994842435712436,-0.7154916573011796,-0.7869710038349217,-0.025223562626265347,-0.7123706288525298,0.07458019562948394,-0.6543074334082595,-0.8138861377550916,0.3209048019186421,0.42245647394117575,-0.5886681950474274,-0.631976438676067,0.7386191181648841,-0.47250455430835053,1.4349612813369699,2.0747839862323123,0.6949440390954863,-1.2546377799985933,-0.8793232783622942,-0.7123706288525298,0.05283880756723609,0.7722195343459235,0.7722195343459235,-0.2710432171290279,0.20506018177017094,-0.993067862123813
200,-0.33680315560300333,0.6072463623874202,0.2813830281785021,-0.32282842579365184,0.6057001442807685,-0.3597920028479478,0.6269920102156622,0.12613337757680157,-0.8182413606562423,-0.8178358096921847,0.7376245436521213,0.6096070506110675,-0.31496782434438403,0.5802908377869965,-0.2002582043137713,-0.3645485410471601,-0.39598844017106205,0.8088712906943528,1.0985657608045736,0.6057001442807685,-0.38139733641078233,-0.821546769723298,-0.821546769723298,0.1501465837637961,-0.5292470239617335,0.8721847778956917
201,-0.09293683154767894,0.7611216481137995,0.052425797138756294,0.7637325036034205,0.7620279065113347,0.7262963584882864,0.84741524747585,-0.13829349238687974,1.13578906105994,1.1173314617854244,0.9093646691535684,0.13361775255202799,0.9448909712403875,1.8100014107234899,0.6364693910698529,-0.26157697614320474,-0.19864760756934377,-0.1022649107240005,1.7564531928372549,0.7620279065113347,0.6791029424055296,0.022501403079728994,0.022501403079728994,1.0229091466011697,0.17942639862461082,-0.9825623977315863
202,1.277456225000386,-2.0123507778339844,-1.2535165573222635,-1.750515129518327,-2.0113840432377885,-1.657970914161208,-2.1134726005145716,-0.3106968716213245,-0.9955243195242661,-0.9535376647938403,-1.4532849798453553,0.6902629172083994,-0.2833823240854948,-0.564191914215094,-0.3275181758405907,1.9104047041116852,1.5231725352369727,-1.0089508945525696,-1.5622660390771024,-2.0113840432377885,-1.5966204212717954,-0.4171178046833019,-0.4171178046833019,-2.7477324078882654,-0.823000133348554,2.071238165472742
203,0.08143755083023248,1.4599350802899556,-0.13059790221877154,0.8933607190438381,1.4577769033575216,0.8858232228647741,1.6697245682780841,-0.19386465742328934,-0.0995480843734242,-0.08416946186764938,3.488166655571341,-0.33175780416223855,-0.3356384666052617,-0.1529197475180805,-0.09513588405219031,-0.3248771489103802,-0.32178759840202237,0.12036848555006363,0.19750651114921142,1.4577769033575216,0.7055275984162348,-0.34853538514225785,-0.34853538514225785,1.2405134387104095,0.010185226318382649,-0.3281161395835515
204,-0.9954653628735761,2.281960894365914,0.9774229706762949,1.9893466736208707,2.2784549133775815,1.714222012143091,2.247933736686104,0.8265009366222281,1.1659192355857226,0.9731080485955635,1.9410949863500195,-1.7269638971998031,-0.0995991642088631,-0.12268214202440719,-0.21605564939977592,-0.21417918350238652,-0.3112736788022046,-0.8761012166118154,0.25241321591467564,2.2784549133775815,1.7582215978674722,-0.024995738222408446,-0.024995738222408446,2.2578968822233483,0.59692761118514,-1.2625251786619296
205,-0.39462625769649967,1.3093654840625377,0.3495408906705432,0.9236850978299487,1.299209165329005,0.8292427050850248,1.3765374474462115,0.24871325634385932,0.5934459246577151,0.5261352002561168,1.5691157277904877,0.380231684948699,0.17593310736735568,0.16813291468742989,-0.15958603372997093,-0.20152613985470866,-0.1846247673277521,-0.5109673333441462,0.6687805523881252,1.299209165329005,0.7675152601865297,-0.22155121953313683,-0.22155121953313683,1.256663492826944,0.09527618058011611,-0.07503965308285011
206,1.1162147538496634,-1.8322518872430642,-1.1034399355769597,-1.5129482272733037,-1.832167213510208,-1.4199711788082883,-1.9146511636741508,-0.6920282401374471,-1.0621278640120815,-0.9881433176547857,-1.5775641998234589,-0.01358692030644121,-0.4476596263386766,-0.5494664052731851,-0.3321278633848862,-0.2539788325718784,-0.13427419184075942,0.10556884040768992,-1.647117874126523,-1.832167213510208,-1.3796604947629405,-0.174193000231673,-0.174193000231673,-2.3043542827424446,-0.7080001594096458,0.5512572006279038
207,-0.34018856680706977,1.5274348554314052,0.29104093292636246,0.27722244469949525,1.5441412330257538,0.21696863711859748,1.629555882726876,0.39669009015360635,-0.40084982710031997,-0.44359064907527584,-0.0860348371138447,-1.1475660521127153,-0.20866456035719955,-0.42036876814907753,-0.13495773573311395,-0.03433306222845005,-0.14445344119365677,-0.9280723199870218,-0.6555568199920943,1.5441412330257538,0.08967880796242379,-0.8350966968212732,-0.8350966968212732,1.0093352541182132,-0.40038098770086605,-0.29852504852906336
208,0.8254526615972904,-0.4564520416136421,-0.8330752366954647,-0.09675200650677088,-0.4539372738752835,0.008172445801421907,-0.34751890272123637,-0.9307638040729372,-0.7832712696948048,-0.6840890153264891,-0.3182987364566486,-1.614964172973992,-0.44938823032227876,-0.2771558610588621,-0.014767723158875225,-0.38035012430197956,-0.4250349853327273,2.212443190729943,-0.05516065966263672,-0.4539372738752835,-0.06860639255023633,0.2412851447667041,0.2412851447667041,-0.1773804424494358,-0.051139289997336565,-0.21892626471760687
209,-1.6316689578593209,6.181222251323345,1.7174121792033792,2.119138754086109,6.194753428226457,1.6783480534262212,6.012269035568193,1.55053774096066,2.0848895510293004,1.6832158767772047,1.3264036105984454,-1.209215373001679,0.6599340674314034,1.995057929299731,0.4906378657377765,-0.2959003656787489,-0.2765272916711098,-0.08767171592574965,1.6577665993052355,6.194753428226457,1.5708173725138996,-1.1791878167219034,-1.1791878167219034,2.8771225477706395,-0.19477935781859462,-0.4410734620763277
210,1.1061396268531185,-0.5104242251434953,-1.0763347267422336,-0.9001528906596697,-0.5136320412783052,-0.7878123097786605,-0.36690095415756585,-0.8334937392857479,-1.2978019400296212,-1.2152064775176084,-0.19066421693560437,0.7915302402352423,-0.40163286412044935,-0.17704318503830002,0.06128168459099596,-0.3573028765549127,-0.39105268285864864,0.42630168553213876,0.1266586600182792,-0.5136320412783052,-0.8703512942681609,-0.7023081530664341,-0.7023081530664341,-0.8634105741520731,-0.6396760903752604,1.1197423444679704
211,0.27864289859211333,0.3046182147717335,-0.30887933146236973,0.36237994173578075,0.3041421699015778,0.39138058064735226,0.4185479924995304,-0.2863042731873652,0.587419888233998,0.6046283327255678,0.15882196717651428,-0.8986757172385,0.0049057302913906985,-0.3999134674804151,0.06585301813967452,0.1881420603308823,0.29276512324575815,-0.7008771635785382,-0.43910051898280295,0.3041421699015778,0.3153593135012607,0.008103079695053491,0.008103079695053491,0.5498459969349816,0.022159164660797842,-0.728558194981106
212,-1.4067193542139484,3.318911799040945,1.4470129710231594,3.0358962469826887,3.3101687073344155,2.5684597975402386,3.184795586106035,1.1203856213957852,1.3165701056837034,1.063097632740921,2.7757284136709304,-0.6654445650680493,-0.020257623254517236,1.5857373473341172,0.10465257776472013,-0.34775616406838933,-0.4023689688576863,-0.13474366927421583,1.6528575679580573,3.3101687073344155,2.7224486192715807,0.07857007408790516,0.07857007408790516,2.843212142862707,1.0732375155872615,-0.4440520997525926
213,0.3934232025544871,-0.07324221571697165,-0.4169628545765064,-1.2042023564797788,-0.041304936649906136,-1.1560602430519016,0.013866698179473901,-0.1945297401234471,-0.2984072357374054,-0.27915917217756503,-1.4021139196021082,-0.4239225008185879,-0.39094661453377416,-0.29568590095965663,0.6349117771487146,-0.33368930104717776,-0.358296992751199,-0.011431410103278099,-0.11408644095441353,-0.041304936649906136,-1.176021100328661,-1.3121377774162917,-1.3121377774162917,-0.9852520732377594,-0.8510939615737924,0.7990776670535574
214,-0.16770303272834275,0.2974481583251266,0.14561302190626318,0.34768217167865934,0.3018450688510454,0.3066013337340584,0.31597671900055885,-0.15835732030516705,-0.27028574001952804,-0.2561472505880245,-0.2661254262675474,0.7697758353302016,-0.2035215993391395,-0.4964220033763549,-0.16872636887380563,0.2980939147126839,-0.10249268230132548,-1.1930613096962277,-1.0213353430264975,0.3018450688510454,0.30289246480852683,-0.0026567808206036997,-0.0026567808206036997,0.498241020071106,0.012468754559927662,0.23384889069535125
215,1.7724018116513536,-1.6525103964633392,-1.7085139563703957,-1.1396251805916648,-1.6529151589932518,-0.9779740142008526,-1.6365343964145396,-1.865260151851918,-1.4691267446719047,-1.3203735043317215,-0.7197248368703942,-1.5121872018479647,-0.3350468260462279,-0.4991139377477992,-0.3230001831000113,-0.0347481646582943,-0.08500108650037433,-0.824287726851928,-0.8215707413378135,-1.6529151589932518,-1.002242073796087,0.354142288966321,0.354142288966321,-1.5373077650891132,-0.4456279286799129,-0.28243367477274334
216,-0.9060983503633213,-0.11427501017769369,0.8317853785698838,-0.33532171995856547,-0.11432539780336792,-0.4336770188510281,-0.2562436115629498,1.025082737682079,0.08559664083853841,-0.058141497590238615,-0.6949453565171025,0.5456421888722788,-0.3878324625561237,0.3448346323150083,-0.18925973758810694,-0.3746794936959626,-0.42182749371149736,1.2142761241173408,0.720038008523799,-0.11432539780336792,-0.388773793755337,-0.4172948799650679,-0.4172948799650679,-0.18236755557780435,-0.4034111038772947,-0.7893188299372702
217,0.8926981080209788,-1.792166373458128,-0.95026099636203,-1.4293019713233313,-1.7936750661024996,-1.344229155678593,-1.8824770259012942,-0.6598697579755962,-1.8338409156005477,-1.7660486274048255,-1.161469452266431,-0.5294330492164177,-0.4317685457870436,-0.5040240560147461,-0.3271931744326524,-0.2898332647032214,-0.21645503502888538,0.18614944463333447,-1.0157798309884447,-1.7936750661024996,-1.275184936245215,0.0033387838136968474,0.0033387838136968474,-2.088265643003078,-0.6359389049865145,0.2933039604837547
218,0.9556495627864152,1.7064607727134515,-0.931652874800511,2.184209419909081,1.6847294991688493,2.363731163850261,2.1871897516116148,-0.6123779767345289,3.6667237009782347,3.7440089209081893,3.699544348938449,1.61732508489344,0.21693327555214184,1.9199368482076975,1.7900188995416155,-0.33207415465532775,-0.3566477725230639,-0.02878691771325991,2.1373077029411522,1.6847294991688493,2.145917288540863,0.5599565687777546,0.5599565687777546,1.9329838310174816,1.1698735358454633,-1.6593843416881606
219,-0.15650061695362752,0.9872835671184876,0.10944702953009296,1.622868555991784,0.9816135942182953,1.5515187465239295,1.0834774650649872,-0.05084394706195254,0.2921441819308201,0.2793886226759956,1.884037375957881,0.43441265066995377,-0.4294307354057338,-0.41794086152014,0.39275563681352105,-0.34127699417034935,-0.4642080300218318,-1.038918656511266,-0.7265940087400002,0.9816135942182953,1.9354693473872668,0.9139165631386462,0.9139165631386462,1.6759737381711424,1.304079693590034,-1.5125433832919417
220,0.6816962494492832,-1.9021264085748653,-0.6942514618677974,-1.8133422050475074,-1.9032483014156159,-1.7513258365282707,-2.0331967413692964,-0.5438625026921805,-0.9733231380283276,-0.9116754210024037,-1.5135145110459622,-0.6922089688722423,-0.4488976017241367,-0.21055318289491523,-0.29225221956425224,-0.3825184708867627,-0.4004291652382609,4.24257203941349,0.34988262723352426,-1.9032483014156159,-1.6875091724416957,-0.7927241956285882,-0.7927241956285882,-3.677710687904488,-0.8982228138184618,3.5414180056736373
221,-0.5364246459478048,-1.407692169098184,0.5403723854485869,0.2521948523205118,-1.4043814524413394,0.1574128580440608,-1.601126167975999,0.8675736790328984,-1.7402730288359645,-1.739475500507788,-0.38014161876335506,-0.26395058758887585,-0.43367791212914514,-0.15005168513751146,0.4766067108096131,-0.3762366739596547,-0.44922172321017306,0.500236472792251,0.22102391980531727,-1.4043814524413394,0.5540425908797261,2.8224116318171064,2.8224116318171064,-0.41797103969519733,1.422140686801789,-1.0366218411699764
222,0.6627009949861583,-1.1005045330005279,-0.6785300412424037,-0.7124292068429887,-1.106181032516405,-0.6371993140004361,-1.1142523745271107,-0.5428765895697556,-0.12967825889920753,-0.06935934417128824,0.4046408797519364,2.2242187184725006,-0.45556727736151287,-0.5204536868484857,-0.3276567775871965,-0.34860978908276014,-0.38827758896114467,0.0850420629528248,-1.57940860330905,-1.106181032516405,-0.6194111491292872,0.2194097132290451,0.2194097132290451,-1.1613895726938006,-0.30476245219122317,-0.6690853799292854
223,0.8804717516082254,0.3542580055927208,-0.86858802549882,0.7964813758132366,0.3393033859451118,0.9270518119694214,0.5990737456658182,-0.6846143114399609,3.3503568709884477,3.449421714492103,-0.04514519308920822,-0.0838805935728082,-0.42291467131289123,-0.4417222974321634,-0.3058625280593857,-0.3219502944397716,-0.45663427442137555,-1.1127914909896879,-0.5672517427540689,0.3393033859451118,0.8516082563788708,0.49806070962264415,0.49806070962264415,0.7851644263884652,0.49284905702702186,-0.9635479854482423
224,1.6317083896281488,-1.7997503257965766,-1.5145711648564584,-1.5705179852687607,-1.794298222790012,-1.4527250891908925,-1.8353946971841502,-1.119266230066215,-0.9733231380283276,-0.8605270567537499,-1.2135217697902172,1.453625730981414,-0.4176101820377429,-0.45823728700871386,-0.3174398860334354,-0.29969644561867254,-0.2642085307945116,0.0900504624247511,-0.8141230894592478,-1.794298222790012,-1.4486846102639186,-0.36405895239830866,-0.36405895239830866,-2.5620706991499245,-0.7642005364434385,2.4779733215069575
225,-0.8104292687398534,-0.00921258653472099,0.7557428642257611,-0.6745570309054172,0.004150966929996597,-0.7445358366674072,-0.13133849726694521,0.5427283195137135,-0.5198223347676713,-0.5717807762338653,-0.8674027608433518,-0.019851200819774335,-0.3191874149608933,0.17684192346646074,-0.31697599507962015,-0.35008793232457464,-0.2909913076910359,1.518300314558896,0.8821067803159467,0.004150966929996597,-0.9629225691583709,-1.1050340729543697,-1.1050340729543697,-0.660124350591487,-0.7594248760096889,0.4792566912365773
226,-0.4488708240920106,0.06390805182227643,0.3934187981664661,0.10191628408961509,0.06644215662534211,0.03421981717439713,0.012606106195872943,0.3008358618386152,0.8194222310701531,0.7344459244239948,-0.06226507802349313,0.31497608419620393,-0.21766913365534443,-0.33659599680384705,-0.290793778595445,-0.16508437291989647,-0.08025381039899811,-0.3924738161323331,-0.25853874375780567,0.06644215662534211,0.1060652984041113,-0.0226792641302647,-0.0226792641302647,0.23833814543416118,-0.07640578435427843,0.10005233167836029
227,-0.925162375296016,0.6934491777657411,0.9207617459856785,1.6685502752435752,0.6851111887161017,1.426938690658254,0.5835336009837511,0.6910745914460902,1.5863721218777902,1.3919354110434181,1.2790562340432368,-0.7951669401289745,-0.24019092117408433,9.81591494372082,4.044251681589997,-0.3891852083377112,-0.46253083456041094,4.233455916897653,3.5898575042835597,0.6851111887161017,2.2878119319938794,1.4880725520434415,1.4880725520434415,1.45185023259389,1.9186019427773893,-1.003571763487748
228,0.24315231270891377,1.1222540604543831,-0.2692816613691361,1.8460580551198138,1.10821817176319,1.8556192427762594,1.3288394242795518,-0.4162538241247186,1.7866008252487962,1.8153892040942403,2.115591824023539,0.6425819507851391,4.776301190841249,2.486423197413785,0.7037723065371391,-0.010656392956231345,0.0705621525404233,-0.617642622262764,2.198553159590089,1.10821817176319,2.35883978993228,1.1484975536740383,1.1484975536740383,1.6819972299176473,1.7123129285255871,-0.15591911905307965
229,-1.1098140840304758,0.9815030626667124,1.1138898973727693,-0.00986329255524265,0.976838296311477,-0.16238508668899954,0.8463270683052871,1.404099066469061,-0.07215701639262805,-0.24616676298934206,0.21943485009469652,0.7510830055638982,-0.45121442943902135,-0.27573824923795703,0.749363589838372,-0.38169932654585004,-0.45547157806749566,1.0943836581557576,-0.29045911910584415,0.976838296311477,-0.30882265491507976,-0.9296695873862223,-0.9296695873862223,0.30911578107832804,-0.5366561984147973,-0.035844244913824326
230,-2.088117828210112,3.641523072158904,2.2576727717576954,-0.16919304330282497,3.6266202077052996,-0.4338177888860587,3.2495772004279337,2.0903100639813728,0.9951815799396196,0.620173858376458,-0.258802638279948,0.8726227262257144,-0.34417171990807977,-0.17541751066542438,-0.23769824349135,-0.32575513445402654,-0.35777513908406305,-0.1863020164485404,0.16081198843260822,3.6266202077052996,-0.5878599246542675,-1.7261169992375631,-1.7261169992375631,0.9034741250581506,-0.8464613637732358,0.2933340318434769
231,0.4861296847592458,-0.5055095342739869,-0.49212604763851875,-0.4532432454814173,-0.5118226712759437,-0.3971005385199322,-0.46295393069371576,-0.0686022607923803,0.048089768778164184,0.04402437727219142,-0.5474843769611881,-0.17050031470635688,-0.39368711353456254,0.05767630363811393,-0.2672480980729305,-0.3680159759615498,-0.37223766986821344,1.6910128151492678,0.5333874313367181,-0.5118226712759437,-0.4649469725590067,-0.19567997014838245,-0.19567997014838245,-0.411864264612504,-0.36235870141823734,-1.1939678725741307
232,-0.12995207595911906,-0.9437795295530238,0.042725925735438604,-0.7039005991953419,-0.9507279020616509,-0.7034027630018664,-1.0354186314540887,0.2551983271672075,-1.1631432360221996,-1.1600176997441225,-0.6248867571524099,-1.1225997767362135,-0.26827630406932595,-0.4387566396555867,-0.3182920946025028,-0.08151890749595563,0.10949647089227404,-0.32651294308410256,-0.5212484836217633,-0.9507279020616509,-0.5994735518698256,0.06036532886848485,0.06036532886848485,-0.7029217722592292,-0.34102042475527267,-0.607902102624764
233,2.651502381045687,-1.7492239254853947,-2.40046526987607,-1.1115464850469337,-1.7528383357529216,-0.878757206966154,-1.6763310815985975,-2.566731380093867,-1.4432013004461304,-1.2404126459131826,-0.715538851453,-1.4313176578919884,-0.39537159039342884,-0.5180810787452261,-0.3067298412371621,-0.13956471634732606,-0.2616097897527155,-0.9544752948173423,-0.9849277681877996,-1.7528383357529216,-0.8199623070005949,0.9541088534210779,0.9541088534210779,-1.384083578827647,-0.21070026399663486,2.2676388597423136
234,0.6149929452487107,-0.4379218080468992,-0.6384308258616056,-0.5178345741782602,-0.4432612294256404,-0.4448475486715017,-0.36061892847995286,-0.5522624425114846,-0.3556545653116456,-0.29389592158235117,-0.3532529200656509,0.2016754447500959,-0.42515147803651915,-0.3490570238636993,-0.27702223206601145,-0.35278252350865846,-0.36379241327960266,0.6204878844609122,-0.24831611645197732,-0.4432612294256404,-0.5135966218324494,-0.313808586315931,-0.313808586315931,-0.4531094075034757,-0.41603196304573864,-0.8038485878975539
235,-0.11656889694061541,-1.1273161588812333,0.09189357225310205,-1.1166333459438156,-1.1255893099208623,-1.1088680989319415,-1.2422825261971226,0.09988047621051814,-1.0335834870798937,-1.023504001101136,-1.452103566877602,-0.427937131132524,-0.421508073203055,-0.40608880519495316,-0.3021735900173819,-0.3347654263161917,-0.308915801068924,0.5392929964597243,-0.42534867728697684,-1.1255893099208623,-1.0441597805696297,-0.42656085573959834,-0.42656085573959834,-1.254896359054291,-0.63432838548458,-0.3398726738987102
236,0.6244092329160461,0.26655444539793605,-0.6453767639119319,0.2301116071417648,0.25515062601736016,0.31214915619542405,0.448199644694382,-0.8197431500500536,0.014534541146611606,0.11296068159337147,0.704300074895716,2.4313464721617226,-0.40890523063808737,-0.19754314492647704,1.2695747609865078,-0.3564927409899236,-0.4361854568832781,-0.29285229490041026,0.048395292376728245,0.25515062601736016,0.18189414004612053,-0.08472129428138248,-0.08472129428138248,0.3530522344348065,-0.07090099355337542,-1.0172481506515019
237,-2.1541990381865688,0.8630244376834381,2.3305916428748232,-0.5900421808546558,0.870058683317997,-0.8049697475311459,0.47995276922223074,1.8643072479559684,-0.6135334116904426,-0.776910113376674,-0.4792799081832216,-0.1688790921809739,-0.44866336089291314,-0.21322292656859512,0.17380390125736658,-0.38058154294500474,-0.41695533531127843,2.7259157989865503,0.039566936509229086,0.870058683317997,-0.722474256566949,-1.2439418138554392,-1.2439418138554392,-0.1186679078478429,-0.7247001031077818,0.3944782800442301
238,-2.4184075456014504,0.8424328423863198,2.6475368181583887,-1.1157220979360574,0.8489261358581522,-1.286903798095455,0.3984691924165903,2.9217301767647887,-1.28010309637613,-1.4257715755365417,-0.8302070963847757,-1.901344200613642,-0.463594780214795,-0.5351813510395496,-0.29938663636223667,-0.37254065103573086,-0.4360953736537239,0.5354544975698217,-1.1716294301309893,0.8489261358581522,-1.1616523139151544,-1.5892883444811043,-1.5892883444811043,-0.5247056850812052,-0.9023558331798232,0.7674264595506083
239,1.2296994586269114,-0.7242896448084895,-1.1907152647044528,-0.1438238756219039,-0.7262382360489497,0.011560699003846448,-0.5985300480571711,-1.2327054895798193,0.5877804198734539,0.7657388203725122,-0.23035122274644812,-0.14251305794860958,-0.08353831793345069,0.18133774136387967,-0.1116241622440307,-0.279910195701677,-0.2625313163169361,-0.2101034385072673,0.5605620075641147,-0.7262382360489497,-0.0686274010885491,0.5442506419016434,0.5442506419016434,-0.28557114403256595,0.06166998090694172,-0.8871009365425402
240,0.2189845871400562,-0.44013206274562183,-0.27568692203295986,-1.2373968388645356,-0.44156484779202965,-1.1996532242699895,-0.42478466395747283,-0.38113050743933563,-0.8345299498118285,-0.7882178332188532,-1.001465196205774,0.8273844515301914,-0.39857464301975554,-0.34480957328353107,-0.27173317331230135,-0.31503184634271686,-0.31143432036267,0.1765189760015371,-0.30868515355730647,-0.44156484779202965,-1.220060648581651,-1.1773148505085589,-1.1773148505085589,-1.0962713690942856,-0.8352009124336355,-0.3389598729028566
241,1.9987607136411096,-1.1757581690990662,-1.8323605623834702,0.3094869103148628,-1.1826467106873053,0.6032914016495182,-1.0312363860154299,-1.4972056826915086,1.5395333976806844,1.8156772729784747,-0.419116131049886,3.0409908144284996,-0.12477628538675072,0.6466162538121023,-0.2585506679188865,-0.2966767219341293,-0.37855424623852024,-0.3674645647087843,0.7564092840009354,-1.1826467106873053,0.5127827431212902,2.3065632698692475,2.3065632698692475,-0.26711660022076644,1.122283067275576,-0.5970401774625305
242,-0.18536667213155827,-1.094779384516836,0.17205209093711948,-0.8964276524637849,-1.0956069654935499,-0.9018879329435607,-1.2161385668740758,1.3098980095632429,-0.5131532055684932,-0.6379369375495052,-0.7218153312026615,0.6287824746233199,-0.3925925112670981,-0.4876671110925983,-0.30296648039190316,-0.2144066245501709,-0.1259416766005465,-0.20817939888125878,-0.6378889307378104,-1.0956069654935499,-0.8267802496499849,-0.08971676907681314,-0.08971676907681314,-0.9367747019548395,-0.47717287958624854,3.09754851881747
243,0.1563621367830749,-0.4753697701416439,-0.21502767903921682,-0.751973924183814,-0.46532856943183015,-0.7177454421480252,-0.4614552813256384,-0.5319653368312175,-0.6358651868828664,-0.5759268981203078,-1.0306529041326198,-1.6605381552481049,0.12759558992425643,-0.20328505017348433,0.02230256123585045,-0.06197575813246734,0.07389442248905244,-0.3514924726070896,0.06610333245686666,-0.46532856943183015,-0.7554274870416653,-0.564737680185053,-0.564737680185053,-0.6845879077624493,-0.5751871663529305,-0.3808152842663546
244,0.776415549106018,-0.4287340835692685,-0.7764267389733415,-0.7180605807656438,-0.4267509610102769,-0.6297713951198305,-0.3232373170580686,-0.6083718986296477,-0.8488855199196347,-0.7816074115945668,-0.15564626995957392,-0.9773673768058062,-0.4403010927483059,-0.545758712315912,-0.3270511957873421,-0.20679003820704983,-0.11972849131064461,-0.24265540795455295,-1.4623958004857884,-0.4267509610102769,-0.7480447905024371,-0.652399983108995,-0.652399983108995,-0.7271465534314042,-0.5670878521859357,-1.159363018285471
245,-0.43836257480377455,-0.5124351321159398,0.3709248420584971,-0.35049241797852587,-0.5152266819359996,-0.39667612203239216,-0.6099429258946129,0.5910029003292812,-0.8979977042448051,-0.9331977048729319,-0.2014879456199276,-0.5366071752840383,0.39405064546615237,-0.3677555299178175,1.2497963619676935,0.5080390027360877,0.9089852863023815,-0.5791551068305743,-0.28671287608172746,-0.5152266819359996,-0.3235044803872068,-0.015282568595833502,-0.015282568595833502,-0.36035811904671644,-0.24945637439170346,-1.2902857302613435
246,0.10302228186982344,-0.7137153937743943,-0.17145120475074913,-0.7538304077915636,-0.7186305123172188,-0.7296208087763216,-0.744152981028081,-0.5325451992567074,-0.18029695169757345,-0.12134219907619512,-0.37569182079677754,2.001992664559912,0.9937718838394094,-0.2093028684505663,0.16038457882922227,0.4470602335454819,0.48283804595472996,-0.8186305519210555,0.050192997805746715,-0.7186305123172188,-0.7106899358480216,-0.23503912289506845,-0.23503912289506845,-0.7593070691407603,-0.47486805377445906,0.17257513337105532
247,-1.5845208962312045,-1.0722741293903753,1.6259407742705352,-1.000799828862335,-1.0736291381188516,-1.1157599108523937,-1.353319620974331,1.678566640937698,-1.254538097738034,-1.3345878943666998,-0.9769751636678615,0.4745494172062275,-0.34757157134855915,-0.49179977190243745,-0.21986592843812605,-0.043052243714392674,-0.011275047245364928,-0.5566530868278416,-0.821746359836751,-1.0736291381188516,-0.9177485644787395,-0.10197747131993155,-0.10197747131993155,-1.1497181924817415,-0.5133703403713423,0.20170496800264343
248,-0.5196170419036247,-0.7884244318590025,0.4768273356405731,-0.8262567470391057,-0.7939781581017618,-0.8625797277589085,-0.9247065995122844,0.8605969256404811,-0.738307778245781,-0.8057761819625324,-1.0897801912759157,0.729707732336178,-0.39626347502298254,-0.4189490737753545,-0.1828393520319486,-0.2953840287495102,-0.29988464588571656,-0.24288482668989014,-0.45962450800353943,-0.7939781581017618,-0.7830222496988709,-0.3637353475129922,-0.3637353475129922,-0.877506627717917,-0.5266952006140142,1.289997737635327
249,-0.7319184294015676,-1.3824656436249343,0.6878357934013719,-1.3226671387385687,-1.3802691734585593,-1.3499971903760233,-1.589260401891247,0.869677177266069,-1.6964473215852505,-1.698752006438294,-1.0222454454941632,1.6101333371748874,-0.3267505458994084,-0.5255559215286363,-0.3198908340394751,0.1659626873118531,0.35361353955630964,-0.5991443946935766,-1.034932868773505,-1.3802691734585593,-1.236309848886985,-0.4923999506300711,-0.4923999506300711,-1.660400405538483,-0.7117692341149092,0.9054363231507884
250,-0.8018909338536555,-1.524669765829188,0.6772780406165267,-1.474866850407591,-1.527350585046929,-1.49296510368033,-1.7395723046171223,0.4302604888118175,-1.741914026114056,-1.7227254520506081,-1.3619004469184932,0.061647226575583976,-0.2303483956658327,-0.5535272156157709,-0.28555339277213,1.4433754594369552,1.5393661905565603,-0.8667577814764437,-1.226360612913925,-1.527350585046929,-1.369245103955878,-0.5665395857522707,-0.5665395857522707,-1.7594948450557566,-0.768701270544823,1.1181660191456497
251,-1.3677054718287907,0.29429846042832236,1.3635653965694576,-1.2548350462069615,0.30927339347179356,-1.330330174119299,0.07978741719455536,1.346679201628799,-1.3635088958593764,-1.4156717379192343,-1.1288252905546152,-1.3282843934303752,-0.43605889613096177,-0.5171133025595281,-0.2246962563304211,-0.2836707111327619,-0.27056834347970843,-0.21693659778808483,-0.968393652585834,0.30927339347179356,-1.2824661507047193,-1.545636001143777,-1.545636001143777,-0.8487341981257238,-0.9149397330140555,2.0892706497642015
252,-0.09412488951839264,-0.445708225905479,0.03172128323924648,0.04403955349731859,-0.4491203030999035,0.027572708427462216,-0.48291343814667176,-0.023673928149159675,-0.12967825889920753,-0.13479132161682134,-0.4468258040528184,-0.4795410194516476,-0.30990539524934696,-0.3190621996218435,-0.19224033250484587,-0.259213484576991,-0.2679208773692614,-0.44791310238479665,-0.17752016816861615,-0.4491203030999035,0.09202528598251741,0.43315538779041146,0.43315538779041146,-0.04483483681835421,0.09602425152507468,-0.36136579314790673
253,0.8673083139899798,-0.7209885730838771,-0.8651068476740941,0.13361517948920523,-0.7218439148168423,0.24838036947881936,-0.6485513995024055,-1.1191264437279154,0.5030554010803662,0.6584801525624817,-0.06557479148334973,-0.8348261373282351,-0.3849165111564477,-0.3930209127765221,-0.32157388491265754,-0.295456607862306,-0.17883802844602478,0.5230314655719677,-0.3855337928779878,-0.7218439148168423,0.22636127043017293,0.9390806691864035,0.9390806691864035,-0.12184837910797847,0.3686404341459668,-0.6966223005658939
254,-1.2646453979308312,-0.6517736387166216,1.274917951852121,-0.9123478629040183,-0.6571132806459744,-1.0104669263100234,-0.8881789857842082,1.7039014251636382,-1.103114659841219,-1.201809312641284,-0.5102174282891142,1.7134459934673645,-0.4340593891183415,-0.498629797612805,-0.2964225660796347,-0.30273289398717135,-0.2810971514938897,-0.008888882969379059,-0.7856056482709916,-0.6571132806459744,-0.8754291677678016,-0.6034784859453525,-0.6034784859453525,-0.9151500174079246,-0.6173804276710273,0.6997730103240548
255,-0.0169228362800203,-0.7250765899895599,-0.04902731781959049,-0.6046172020117626,-0.7283423708208925,-0.5969026177250328,-0.7800172613512969,0.07170073032209999,-0.9264539793421771,-0.9178302460350091,-0.5792479824237468,-0.5010604639043216,-0.46001612574587075,0.39248535005460644,-0.277156010343892,-0.39224565351167096,-0.48422543102039645,6.496294564386266,0.8298345874315275,-0.7283423708208925,-0.5663031565686196,-0.1276748703293242,-0.1276748703293242,-0.6747860786637974,-0.38138955516181894,-1.1801294548226133
256,0.46705283752692184,-0.3552269438686654,-0.4863822849544806,-0.36373298044431746,-0.3533544279400586,-0.30805435065533215,-0.2931344217073368,-0.6302715296312872,-0.4761752634147774,-0.4056834130202289,-0.4890654019192058,-0.344080190724018,-0.34647005102858186,-0.4377054545668155,-0.2814441775719959,-0.20523216726661225,-0.11592938414720007,-0.263647596205198,-0.5152085189622817,-0.3533544279400586,-0.3580810016920323,-0.20039655585762597,-0.20039655585762597,-0.2892455369984828,-0.3230768676315428,0.2528179801759778
257,-0.13388287040990915,0.19023169899761735,0.09368796066755675,0.6742333913966249,0.18436436359189315,0.6321103259922803,0.20831214119780483,0.15444797063396914,1.469538684240058,1.3854782836679398,0.6355470986690783,0.4152155529079452,1.3638363009580599,-0.30944265203354887,-0.27665822231250364,1.1129129405989109,2.537830855951581,-0.29843801488063926,-0.14872417143395691,0.18436436359189315,0.6544753369396727,0.43962074111344795,0.43962074111344795,0.632461514245622,0.3685192413114713,-0.35332620785049484
258,0.40337079527227476,-0.6795183543748401,-0.4400021489189414,-0.7780129862650749,-0.6836979634386746,-0.7280322727520784,-0.6690110328280198,-0.6306619592245194,-0.6720213953014325,-0.6019376875590926,-0.8013373556736373,0.9960856503542297,0.07286842043704896,-0.23391933478271068,-0.3084228132438817,-0.04559588480586786,0.144568368410807,-0.39079093951452304,0.02008214884873356,-0.6836979634386746,-0.738277057348656,-0.3999221324217031,-0.3999221324217031,-0.7768032219721797,-0.5202326244998996,-0.0662324829060595
259,1.2849054341613293,-2.0111700893652613,-1.2718532463180505,-1.091729148854638,-2.01386593384013,-0.968095036140071,-2.1105040131433537,-1.1997126601612313,-0.22702189772794124,-0.08217931862774418,-1.343523355724033,1.159804690266209,-0.29950066906588396,-0.5393212648587361,-0.32709038920975525,0.4885299476800734,0.2675547620570259,-1.010543996921918,-1.1493601165148282,-2.01386593384013,-0.8864863205605599,1.4945682896712995,1.4945682896712995,-1.83614761462876,-0.11851450397831015,-0.18511314823507685
260,-0.17096384683128754,0.23468126431541553,0.1193367781718825,0.32157375040898495,0.23101382324480693,0.28520619642132305,0.2521915853682378,0.0749336911927932,0.34487198608547276,0.31247124761479805,0.4539075085090079,-0.0446495898523108,-0.39819746254359095,-0.12860137646071274,0.4599310805864452,-0.3595336501375654,-0.44640654696287624,-0.44382249344410957,0.21317955331648877,0.23101382324480693,0.290666595725521,0.03817690722878158,0.03817690722878158,0.45143548513104687,0.024660496667362905,-0.5533930941147416
261,-0.8868744821978323,-1.6068600059959877,0.8540605982298092,-1.1298645644281538,-1.5994375765008175,-1.1801221466803722,-1.844494135369525,1.0338200894214382,-1.0335834870798937,-1.0932889565063688,-1.7314538781660138,-1.6881383829487828,-0.3898288668980583,-0.5496280647388585,-0.25940231831619415,0.1453926982524775,-0.13509985895667612,-1.1272949642348686,-1.5715675367621826,-1.5994375765008175,-0.9663420122564169,0.3340569238239954,0.3340569238239954,-1.5834722596469841,-0.4334338700592216,-0.11089465402893356
262,0.2108619135308921,0.48935153554528654,-0.2380851792244736,0.023489782085999954,0.49562284363761655,0.04483767609044818,0.6107402749082581,-0.39933867759666103,0.12341520509262219,0.16307959306601053,-0.5750612216809946,-0.6173513148243542,-0.3924965634680561,-0.456450040236708,-0.23413790209032304,-0.259215893794419,-0.24598296476375914,-0.3465299657214576,-0.6507296667312932,0.49562284363761655,-0.06629203895509547,-0.47807343840588046,-0.47807343840588046,0.324718213019998,-0.31365169645851626,0.09571751732593564
263,0.08633696569744595,-0.6067236321619989,-0.13229823662390947,-0.7635465090710452,-0.6110869233607773,-0.7444524531559651,-0.6355320627666425,-0.10682398517790598,-1.0408147292697936,-1.0144747855064518,-0.7923432043363878,1.1620227126470029,-0.365503712497445,-0.14319177137071615,-0.2986316905642364,-0.3416751361659668,-0.3218138693433078,0.6579602248789822,0.18370646180544656,-0.6110869233607773,-0.7583095470026944,-0.48644648395983553,-0.48644648395983553,-0.7761306160968702,-0.5497226321921592,-0.17681778828549233
264,0.10155407792146254,0.7669270503309918,-0.14175133039597465,-0.21115827929142322,0.7550197423091382,-0.19963973603425406,0.8992522772934496,-0.0053399267675086565,0.23188383287925401,0.21430775483835293,-0.23929477410296718,-0.008465423580312952,0.2236618184454768,0.5814855820805943,0.2451902699928876,-0.2607292854603829,-0.25008021041208467,-0.35193206606082056,1.2029936972287831,0.7550197423091382,-0.3400087774086684,-0.8533916856288883,-0.8533916856288883,0.23772081830258973,-0.5277742220008486,-0.2733263580041809
265,-0.4841346193486226,-0.08987642935238359,0.4195773602459857,-0.3685367695281614,-0.08378334220902996,-0.4194611272234413,-0.15905384069279047,0.45577561152607504,-0.27028574001952804,-0.32586485393181064,-0.5092328908129848,-0.3621411190416065,-0.3940916915323958,-0.49014571496355563,-0.2864313533464485,-0.21371083022151502,-0.21435750994008423,-0.5429357336296287,-0.9821804056453498,-0.08378334220902996,-0.40983132413747136,-0.4613707208802954,-0.4613707208802954,-0.21666501604063704,-0.4245350865044181,0.23950967739390974
266,-0.6965554790791166,1.1567782612048314,0.6700775822201854,-0.07944225349682858,1.151533565480235,-0.17406365925141395,1.1328047470125118,0.6881852556571456,-0.27028574001952804,-0.3512831139562882,1.0761205232002382,1.1498291506561273,-0.3397876761434827,0.3321435734756571,-0.29158182020667034,-0.36262065747481653,-0.3711694391031898,1.155275875402001,0.8609311216983863,1.151533565480235,-0.2379019913547994,-0.9331780652668342,-0.9331780652668342,0.4839944173641055,-0.5263055130373728,-0.31515645232354744
267,-0.17964912162506505,0.6852192624894102,0.127166546161329,0.43731651749151224,0.6865373006123651,0.3964302606253039,0.7466325824601519,0.1037366544394446,0.15153670081049928,0.12145494125771866,0.15283366652801,-0.6964098501935247,-0.3838647527696882,-0.3132476025461007,-0.30123533564281213,-0.3238403933026812,-0.3205148283945985,0.10689285461113775,-0.15518025050177114,0.6865373006123651,0.34457374602738133,-0.22099878205167015,-0.22099878205167015,0.6672633573751803,-0.0642497982453365,-0.3599974459256091
268,-0.39204060957916154,-1.264704502942518,0.4149288778072115,-1.4283353475192098,-1.2539509794584152,-1.4332305274506794,-1.4329299990569229,0.19431477167856323,0.5030554010803662,0.4475419525799804,-1.6891168655260924,0.4483773245430586,-0.42181549249810996,-0.4550598845261651,-0.32238424604119886,-0.3124401587482113,-0.2850080921695646,0.1454504668127557,-0.6213269678540398,-1.2539509794584152,-1.3577392258682646,-0.8313523525137034,-0.8313523525137034,-1.6846486651766173,-0.8089933414663236,2.575361193740353
269,0.9083183630683586,0.05914599272600151,-0.911180280890407,-0.3064161276673813,0.050460777686300994,-0.19561370572399933,0.26581319188432895,-0.7620964362081789,-1.103114659841219,-1.0237064728057643,0.7221369319536167,-1.565169106333897,-0.4483859379104876,-0.3525906476960909,-0.3134343566605607,-0.37485295562997256,-0.4094466897899126,1.6402908220285108,-0.27573997158192415,0.050460777686300994,-0.3624300871174821,-0.49935461882255966,-0.49935461882255966,-0.1050457540737541,-0.42056588271748396,-0.92977193757408
270,-0.6020207759729449,0.38028610344537356,0.5547874750238253,0.20709795162565112,0.38122978735752666,0.11253078903782066,0.32381951703735,0.47299114580242263,0.5934459246577151,0.4920493884601955,0.2855798604144283,0.347792347382322,-0.33516425060955624,-0.47580588713942,-0.23963484853720413,-0.1137450130775525,-0.21429271745547462,-0.9049300407805225,-0.8402146642611132,0.38122978735752666,0.13725318727684635,-0.21713519817457214,-0.21713519817457214,0.44899080290683047,-0.1410334010979803,-0.8986423123612525
271,1.2937027673461676,-0.4391490468657242,-1.2442100044146376,-0.22497016171443865,-0.4386493957581973,-0.06568190889480016,-0.25212624780717424,-1.232097305328917,-0.6358651868828664,-0.5008417749234321,-0.2680623471246799,0.8780022818994871,0.825070518965921,-0.17512452808458373,-0.17428129930016495,0.3190457932182446,0.2226135194840501,-0.9195267338728172,0.2671567131496044,-0.4386493957581973,-0.19556811544134287,0.07184150282830999,0.07184150282830999,-0.283269706537873,-0.1668719003526511,-0.2225397377500055
272,0.33241346528574794,-0.003679562941292884,-0.3740990524759733,0.4990038644667152,-0.004770241396120073,0.5379294459113371,0.08419230677644497,-0.37778508246191694,-0.12967825889920753,-0.09054236202132478,0.636327188372754,1.4058162425541754,5.406567108575203,0.30132470525894134,-0.2393903454089598,1.0977463232120608,1.8703788668125683,-0.5645461238131402,1.05961344813261,-0.004770241396120073,0.47994016782798976,0.4308215007405728,0.4308215007405728,0.5109448658236396,0.2807895420159786,-0.8032971424842233
273,0.7923489478026008,1.1693509766980066,-0.7955626397380455,2.8193324152347445,1.1680527710995072,2.9744021051135197,1.5240330548802623,-0.6845866364105605,1.3953721021547882,1.4828539424208644,2.043381169112164,0.05219224761564345,-0.058196022706866614,-0.3042942656048244,-0.2713054580798032,-0.06314154612190732,-0.0739207882653417,-0.7404251210658515,-0.1374492257283977,1.1680527710995072,2.7420617319854683,1.398490704909285,1.398490704909285,2.2169447636311186,2.1385917069669262,-1.252320600979206
274,0.7020899650841214,0.08303083182404498,-0.7193277560285825,0.1242037154628022,0.08338058644552422,0.21627785330099591,0.2530454782100648,-0.7620964362081789,-0.12967825889920753,-0.040671309660434876,0.01769256690503491,-0.8290931681657967,-0.4293104150695119,-0.4106476319380757,-0.2885375135608292,-0.34337502160258193,-0.37322900350175076,0.10069933068864731,-0.5657092404966642,0.08338058644552422,0.09350777016588256,-0.04873189977174848,-0.04873189977174848,0.30748049288080637,-0.09172136114703193,-0.2895715407692704
275,0.22102171226905673,1.3026277627584484,-0.26916801277454094,2.6477349655721034,1.297868265214587,2.650152390242017,1.5314816745480744,-0.07144994683807178,2.875806626003768,2.8015912991951795,2.5953636355620864,0.22294416846055473,-0.27870363431999956,1.0411844534232166,-0.2343861386677741,-0.3679287083298378,-0.40912821044047537,0.8015508724285693,1.9316151002226376,1.297868265214587,2.5665820606787104,1.150556726854083,1.150556726854083,2.2829035354426828,1.8364412775064596,-0.7664137542237693
276,0.6766042975236757,0.002310037517643988,-0.6860922765593035,0.006608350930502016,-1.3926659990845268e-05,0.09206688157893515,0.15339644389101184,-0.7271836418250448,0.23845768757484687,0.32597902902875653,-0.17056300597758223,-0.586973381040304,0.10608727389516065,2.293409908649119,-0.024835837048519216,-0.34930260850201944,-0.3131080689608179,1.1565652194376566,2.629065210097373,-1.3926659990845268e-05,-0.019030754406388732,-0.10244782097332411,-0.10244782097332411,0.14435572448415146,-0.15731142474988163,-0.32056830606841175
277,-0.2840277046937405,0.4191569928971347,0.23727422798210845,0.16639343376399335,0.41219703593965357,0.11777220463160777,0.43069021348741043,0.19540123218117073,0.23188383287925401,0.18646950968531514,0.16444821374258378,1.584077985555414,-0.4089142082278869,-0.4006905865332562,-0.17929106908214282,-0.3209443565458804,-0.40755400548539433,-0.7006503745132137,-0.46606094828027245,0.41219703593965357,0.10759791665211227,-0.2652193006186368,-0.2652193006186368,0.4562313009362333,-0.17117811817910594,-0.037471221886522334
278,0.1540499297758069,0.8612000601326161,-0.201331254170708,0.825295996560579,0.8596275284803385,0.8315861377795439,1.0189277182450844,-0.2016423794782049,1.7685227210395136,1.750100319244835,0.5031741372660798,-0.9601057881754487,1.0292127602127668,-0.1067057511558905,-0.17518653440699797,0.3125794202216927,0.9011057761235808,-0.31518203667037187,0.33398737671821527,0.8596275284803385,0.7420133573924445,0.012834350383182553,0.012834350383182553,1.1904561753660352,0.20080772857881954,-0.10017195128399435
279,-0.3904513533992431,1.1371502935046924,0.33879965266727374,1.3751541081331196,1.1532950637668464,1.2648725313411109,1.1917019307541294,0.25205852452224464,1.0303334502196997,0.9448033705853593,1.4670315144266173,-1.3953322704300308,2.7191060940875285,7.253629093507824,0.1954233074337216,-0.30279514854227624,-0.008814177030040208,1.852829953733764,6.108135102239573,1.1532950637668464,1.362821093660829,0.3281021892199471,0.3281021892199471,1.754199917140277,0.6428690323505333,0.3043383079884632
280,0.11830802276862212,0.028709964930162372,-0.17084491403937846,0.5953152057005922,0.03554284293498806,0.5993059851074362,0.08088385074695262,-0.2728385289957661,0.9550080164361766,0.9644918929064549,0.24928853392935568,-1.1491986994120011,0.2491350643918257,-0.23357393250749256,0.37931275624294003,0.06810145776124338,-0.10634131592851444,-1.016054167009642,0.09973907094958048,0.03554284293498806,0.7072318850417725,0.6325885332602814,0.6325885332602814,0.7147475504173257,0.48755613611087634,0.24367883583612934
281,-0.5044458509327782,1.2099074588810577,0.457979969900011,1.2902763962262982,1.2084616979158578,1.160393597056941,1.2414144678054693,0.44969159343047566,1.13578906105994,1.0109088711636611,1.8766680284443038,-0.2720375159407379,-0.0945930406589123,0.3054671721847554,-0.164420469489942,-0.2996664299810852,-0.2712528331808924,0.005970000292106264,1.2943712961928129,1.2084616979158578,1.198613792546113,0.1621619790417381,0.1621619790417381,1.8286771068397125,0.47372318760072624,-0.9611299330120607
282,0.8575629408885949,0.3486463715565255,-0.8533047436049461,1.6755441059185705,0.3573627910064234,1.8226797045038812,0.5890678765648366,-0.8779841518284901,1.557611501889967,1.688973479523021,1.097359538408339,0.17197248415707006,2.495386320430594,0.1343324594614954,2.6625230408592597,0.5338324342963233,0.18336924867595017,-1.0938259946872133,0.9092046214027233,0.3573627910064234,1.6668065121344553,1.2628097428563931,1.2628097428563931,1.5717948542405145,1.3768061258707927,0.10637285932190263
283,-0.18206504138761703,0.644037460412149,0.13166820237762553,0.8534502180608413,0.6437106572384673,0.7997445285202773,0.7002912571568797,0.13127042750990517,-0.27028574001952804,-0.28957403209520927,0.776111260084962,-1.4626420631481396,0.05000419625722093,-0.34426137696839604,-0.3003134252373795,0.0944723304930314,0.731192997326673,0.02293765622308928,-0.2847664802316899,0.6437106572384673,0.7806041041306457,0.1926389301219593,0.1926389301219593,1.2288287931650863,0.3062131489626046,-0.4002372404963531
284,-0.14168934165384617,1.2008534428558495,0.09132548147107976,1.4206505272405712,1.2059141570484115,1.3586792557776974,1.3234345541212627,-0.0676478054760369,1.557611501889967,1.5153900876666382,1.3571290344520017,0.0049095741649907215,-0.27494655888402925,-0.005649356928889289,-0.22058651259141085,-0.318939375027075,-0.3061905435737907,0.11710615466925965,0.5802073249917159,1.2059141570484115,1.2997221449732763,0.24258389833627497,0.24258389833627497,1.8744462892488232,0.5643746789384796,0.3095881788141636
285,0.8091681790189569,-0.3344166921791488,-0.8135120408046815,-0.4096190136046603,-0.33562857517719563,-0.31374450923533354,-0.20988424448772985,-0.8320852527682402,-0.41089321860891403,-0.31639551672834276,-0.5160976691564679,0.3504370389173672,-0.455638836926896,-0.4867983292847429,0.2877256581319437,-0.36483102856059996,-0.45932452934966783,-0.5171995917789669,-0.9957136652524857,-0.33562857517719563,-0.4030367390089128,-0.26743699370158003,-0.26743699370158003,-0.44084903084209714,-0.36128274356958495,-0.7452036986455752
286,0.2198082932886505,0.5663625787279088,-0.27354736453575446,1.1398713284707536,0.5639663097366855,1.1565450510017106,0.7052203777203598,-0.2728385289957661,1.13578906105994,1.1425446260316887,0.9663646635372282,-0.2910611279556814,-0.35683677694628535,0.07453275608101396,0.4958023317457357,-0.35609611004214536,-0.39675736184635313,0.2697188600614565,0.7174575734075188,0.5639663097366855,1.1188822185797018,0.5629017228764879,0.5629017228764879,1.2662079848951093,0.6594719870057744,-0.1797197522737495
287,0.8689848347303966,-0.7304880196227193,-0.8658674029408,-1.0513702462311107,-0.7312252501494555,-0.9635935376268722,-0.6594435932476914,-0.9295462399785063,-0.12967825889920753,-0.01829830969593147,-1.1255938773360032,-0.4532358586206967,-0.4493254572591245,-0.41342596816023675,-0.28149741065757783,-0.36916007501660514,-0.44052714038328844,0.1333938734666559,-0.5743271905940621,-0.7312252501494555,-1.0161501578892493,-0.7349553252753535,-0.7349553252753535,-1.3998914212592586,-0.6910783125092109,-0.7095949637204824
288,0.4417772288087231,-0.6608214414468282,-0.4904639892582081,-0.7385972758157487,-0.6634869704716202,-0.6834141984592371,-0.6397822812138391,-0.6686160472598627,-0.4700963684211055,-0.3949756289267266,-0.6592700746057977,-0.37734816334993193,-0.32295505492344023,-0.2941731969763029,-0.267630487714385,-0.28104217585237457,-0.27865852499341276,-0.29272183810999053,-0.11238141885348331,-0.6634869704716202,-0.7211969810747461,-0.3944869791637357,-0.3944869791637357,-0.7643880048278138,-0.5128566990959159,0.4751193377857812
289,-0.8132323085153321,-0.4556258103192198,0.779477956584149,-1.1118647460074202,-0.4550877447650644,-1.157774731350126,-0.611149244323366,1.0113173505376036,-0.9359617238435792,-1.001293741546685,-0.9627926093294487,0.19448639715410576,-0.44060903480435765,-0.5347647968018048,-0.330897880845251,-0.2640857414100757,-0.23164137919352662,-0.23235665636990988,-1.1527297663018023,-0.4550877447650644,-1.0790563043199874,-0.9984077348142938,-0.9984077348142938,-1.0046436165387345,-0.7650467602078084,0.7034662354324458
290,0.6138256095726546,-0.3619509328672455,-0.6330979216806589,-0.8595103115358813,-0.3696839424448479,-0.7906503090656947,-0.2745449319349708,-0.987646161826619,-0.9153684046294264,-0.8131515588113774,0.061302126579351586,1.251382575605645,-0.38042309296114857,-0.09488752877668119,-0.28378572508962197,-0.35374030585482985,-0.35770764803421856,0.7661996710984463,0.2644204637821683,-0.3696839424448479,-0.8666514982496585,-0.7931098473032906,-0.7931098473032906,-0.7399548131394896,-0.660576678510177,0.029070452591730016
291,-1.022385122608968,-0.6230342226170684,0.9952405363293806,-0.982351978911355,-0.6213332630843699,-1.0531099473143377,-0.8198706461481149,1.3176681268650345,-1.5416877904043231,-1.5763792262882148,-0.7566161546938754,0.13724471803535673,-0.4368258053945817,0.09135010578411384,-0.2905094331361089,-0.38369039825524076,-0.44325050540057825,2.3312072630793574,0.44090505041101596,-0.6213332630843699,-0.939855591003804,-0.7148610359281726,-0.7148610359281726,-0.9126561608411188,-0.6636582952473953,0.611196006347227
292,0.03258833668231929,-0.12471729795960407,-0.0971917786427755,-0.7288069335410865,-0.12455029718437101,-0.7137858216130666,-0.10423816494494352,-0.776563753825665,-0.862594747531902,-0.7794535785437059,-0.18823440060320154,0.9977765207218612,-0.26147404641579325,-0.30027712124691597,-0.11272967946666741,-0.22965919034535573,-0.19341308028753346,-0.3650570924631613,-0.1266481572035301,-0.12455029718437101,-0.7307531688552753,-0.7865275520604831,-0.7865275520604831,-0.4768542627442994,-0.6195362836488228,0.2844799557646872
293,-0.7554390035825803,-0.07473824721892874,0.72242388899457,-0.30134500167036976,-0.0781138957436082,-0.3896333892450062,-0.19551664866528004,0.7195471203296746,-0.18029695169757345,-0.2703154322485221,0.1929768455858081,-1.239746689067081,-0.3760088896632889,-0.39472171768664904,-0.21399036874094252,-0.283900211984011,-0.2860978060032455,-0.30198957376593993,-0.38466881742279363,-0.0781138957436082,-0.3359094036801344,-0.3846643625150382,-0.3846643625150382,-0.14289241510458223,-0.3744605107403924,-0.25469544713118114
294,0.09876078147318564,-1.136000705188502,-0.14221079488486768,-0.09082980930640705,-1.1379305276842844,-0.08110370838996661,-1.224781486764237,0.5365277409366366,-0.39575087456613917,-0.4536107067970283,-0.5181843059117087,-1.4003729932769713,-0.16745970815240666,-0.3438524152713403,-0.27949799242812323,-0.11108570455257866,-0.19221739707921745,-0.8624190792336727,-0.23646829071090478,-1.1379305276842844,-0.007696219738256729,1.2468509746091279,1.2468509746091279,-0.5274972485963499,0.3537489034765465,-0.8143112258163573
295,-0.2259461107115432,-0.2198640479920143,0.1655667397839689,-0.0975323240921201,-0.22979167902955674,-0.12790591857324254,-0.25647725070187016,-0.05764927991107678,0.010929222221112736,0.006123499936723855,0.14722794227172264,1.4736058642863343,-0.4337583357692115,-0.4118938514372071,-0.2675049528194104,-0.3488774496883425,-0.4115946155916511,-0.2266110500731291,-0.45203493564059255,-0.22979167902955674,-0.09804500899685345,-0.002582800084483639,-0.002582800084483639,-0.05103392140303679,-0.15250934428925175,0.13290150377542112
296,-0.9622688545218677,0.17173799043363291,0.9512164303986607,0.19354179716367126,0.1682268439999481,0.0462183849898078,0.025983132811136678,0.7464418197396534,-0.43760864093291174,-0.5141107052018535,-0.24885193356855445,0.6127573008387024,-0.14214524005329737,-0.44480029978987223,-0.2904913843570325,0.1382293893996406,0.08330080320321176,-0.8657584575760061,-0.5980490899432459,0.1682268439999481,0.15903818733191621,-0.046076088169080764,-0.046076088169080764,0.3072347516037851,-0.06415053224838746,0.2628997861260136
297,0.07788923767734093,0.03337304123711457,-0.12646255060390157,-0.20524367195828253,0.04454177330181331,-0.1957606330777388,0.07747556116896327,-0.044833310913997095,-0.3405894780487539,-0.337484745353311,-0.5478472749481288,-0.506172722764323,0.3285878773446957,-0.458955782946417,-0.25194335975085497,1.0564595566314976,2.0056146810262305,-0.4781301203438888,-0.6769004447362197,0.04454177330181331,-0.305260056187772,-0.43514346641871504,-0.43514346641871504,-0.06558206587448133,-0.3802924901790793,1.7451469022073165
298,0.3441341207345138,0.478484237366378,-0.36601598166814403,1.2168210748046835,0.48235335809380614,1.2516272278585232,0.6271181869205531,-0.4738629257984499,1.364276216614994,1.408241404299742,0.35928430059384253,0.09039381524711472,0.1860526884694297,0.5234570502832653,-0.2523102541148402,-0.26135762161048653,-0.13514134776103226,0.1935580715845015,0.8680099430166498,0.48235335809380614,1.2255343995417092,0.7254914448501159,0.7254914448501159,1.0426348667342649,0.8045325806827772,-1.021113770504757
299,-0.4324590908244841,0.5036169774349508,0.3875366178101371,0.23768960998389935,0.49932066048263735,0.16513790996716035,0.4914400883507775,0.27499926190607643,-0.5898481938899766,-0.6119482764548572,0.6370933469846791,-1.4835515211894028,-0.21142925616284833,-0.4892538898257037,-0.27257895536923227,0.225609276551223,0.13438548796020236,-0.9120420555730016,-0.7846212728266874,0.49932066048263735,0.16109766703931025,-0.2705063822606193,-0.2705063822606193,0.4662714755951291,-0.15344941351994934,-0.3357771534073667
300,0.5543696190189873,0.07426973555676979,-0.589061374139482,0.36580008134393777,0.06612783992486491,0.4399906229320268,0.215981188654899,-0.4738629257984499,0.4186909139267344,0.46737475613706136,0.3427910004672461,2.2737213752440204,-0.313604398603886,-0.23916308359011335,-0.010955684236070223,-0.29304084902091815,-0.2690862908106048,-0.08335677420491436,-0.005608579521389885,0.06612783992486491,0.35503704261526814,0.23651118441206379,0.23651118441206379,0.38472982418660207,0.13713203042671182,-0.7313163453132654
301,1.5542745424330022,-1.1346704199389275,-1.467760918162202,-0.7522362437568704,-1.1345448739196355,-0.5908980052178593,-1.0431769043316457,-1.7356577147748085,-0.5635527675148003,-0.3663942622516064,-0.7871238454701964,0.1525726014457317,-0.40138332820784967,0.10545933491002903,14.00681747753939,-0.3723394349640462,-0.3917436504006042,1.7778534958768009,0.5308575846064477,-1.1345448739196355,-0.6786150786040066,0.16142848061181334,0.16142848061181334,-1.0068413183446712,-0.3469070124520401,-0.4184890229258029
302,1.2344864504879103,-0.5014957966571993,-1.1899421536840737,0.8777328722698864,-0.5080583030962794,1.0745402986852428,-0.335844806058218,-0.8231270103905396,0.7361678017258507,0.8446635928002351,0.9088993139208027,-0.1960098087827525,0.007775677699662362,0.6797064052449189,-0.13119758082761576,-0.3094908919711794,-0.33036999085507124,-0.24812164368471856,0.9390421680635572,-0.5080583030962794,0.9814826967024497,1.610615286388095,1.610615286388095,0.40721616843415154,1.1443613558461194,-0.3417808103073009
303,-0.5306995600614418,-0.5779779167813005,0.48654585043570237,-0.6869159463669,-0.5746331837731389,-0.7305725021226187,-0.6985269017071462,0.17874588205161748,-1.1992994469717,-1.1894216077192954,-0.12153802346535814,-0.32729067543652257,-0.41924187209264524,-0.43663057441693315,-0.32785736029661816,-0.31881304539585037,-0.24067362422466865,0.6567625997217136,-0.5262052768029942,-0.5746331837731389,-0.6524963775663043,-0.3792695346752805,-0.3792695346752805,-0.6793932710822006,-0.48456954321176343,0.03848912559959057
304,-0.7822323026282777,0.8878029466894202,0.7420744234688446,0.6017905483581304,0.8834357508133203,0.45854602782520504,0.828584851237587,0.9359862733094448,0.010929222221112736,-0.1164140805967211,1.3383051577338398,-1.1783223630717539,-0.4052393376411236,-0.34305327824497744,-0.3260531807838331,-0.33513844564710055,-0.3792645215985988,-0.19512980338183,-0.24466616003519237,0.8834357508133203,0.49752645679796986,-0.2070451806884755,-0.2070451806884755,0.8956586133102649,-0.00013969865885121662,-0.8362965083031064
305,-0.5495661053747465,-0.08575112312266983,0.5019505997344106,-0.7098962502549302,-0.08373735570969319,-0.7539533420924004,-0.16907240049908942,0.3220128648948295,0.08123296025033858,0.02539026412752024,-0.861471422796451,0.14457495714657928,-0.2598611108097513,-0.3175599501043543,-0.23051528435354413,-0.2175433055473379,-0.19361267681147376,-0.4476464280077892,-0.16901079903055913,-0.08373735570969319,-0.712300783105719,-0.7902888277670469,-0.7902888277670469,-0.4757852490584842,-0.6151789700534102,-0.2546183946032499
306,1.1839927612204506,-1.4244194133710173,-1.153994745565,-0.2618297211291364,-1.4188275814302436,-0.11671433014855241,-1.4294288431638116,-1.157579642686533,-0.7624119188787812,-0.6395668448449828,-0.5056656569406941,0.18771849590849096,-0.16829628987790707,-0.4609850307525766,-0.1034043189508152,0.1608908729913009,-0.06922425788428209,-1.0653200946759813,-0.7770382589834863,-1.4188275814302436,-0.1721593394402093,1.6045124186924824,1.6045124186924824,-1.0138792363436375,0.37568962078308893,-0.8541821607634531
307,0.27313293564736585,-0.47134160914552975,-0.31047286586582473,0.32380492115699416,-0.46850349434494626,0.353318865776779,-0.45487385623893045,-0.16879605915647197,0.08536847454981518,0.09416000021537654,-0.4308750449890911,-0.6476165826432992,0.17134041895162264,-0.02650899631475577,-0.3268348242657832,-0.13592304033658167,0.25385431256563923,0.2816021093679992,0.4131572402546083,-0.46850349434494626,0.31290742140896705,0.7334836491934104,0.7334836491934104,0.09189855756757896,0.32939258815344524,-0.10345761990136228
308,0.5929777049927061,-0.10521592097004588,-0.6367469851510635,0.029486585179006344,-0.10407629096551546,0.10799328626252847,0.020210257507741938,-0.7916988001269929,-0.12967825889920753,-0.03674743068948011,0.4968460307534566,2.579232384027545,-0.2120846397819427,-0.4168842047640475,-0.20815967514128042,-0.04661619640194719,-0.07310505918947413,-0.7778715914464812,-0.510432735410795,-0.10407629096551546,0.009128420934696532,0.01096510856532072,0.01096510856532072,0.10050873712656523,-0.10328129956339553,0.24285497190274766
309,1.6584373948681315,-0.7941390072317726,-1.5577919879102538,-0.36236820138026876,-0.7946920064798431,-0.16632229656756217,-0.6199303410468936,-1.8448389397366944,0.08123296025033858,0.33617722407601036,0.1325014067083496,0.4148908066779674,-0.41598777406158455,-0.44620135347028933,-0.30797463889502835,-0.30814409034071233,-0.29285376766978266,0.0034014246363768415,-0.6221103180039272,-0.7946920064798431,-0.32036100791812144,0.28778567728462195,0.28778567728462195,-0.6100646089645941,-0.14743719683820158,-0.03991638521150413
310,0.5588734466991089,0.9461892893808225,-0.5803755130122129,-0.40479164693191033,0.948590207195975,-0.33772842712052314,1.2101380148467478,-0.4476598865247958,-0.7624119188787812,-0.7117246276033928,-0.5177120565696796,-0.23684651602633472,-0.27685227750089836,-0.5182588483390778,-0.26277678315349096,0.27686485701452374,0.13745858772342992,-0.958878970477623,-1.1598845782055378,0.948590207195975,-0.5594142987869197,-0.9277919515903713,-0.9277919515903713,-0.021123934048023207,-0.6239907068046984,-0.02311892910477497
311,2.78217704962663,1.4850217063084854,-2.432482765143754,0.719438147962204,1.4808963858388111,1.169309344955531,2.4213403693434667,-2.5503359047623437,0.7087428141590099,1.1532457743920848,0.8902230766765722,0.7473861969103066,0.28797437679272875,-0.2703833178637397,0.42974012231893055,0.15040973292270218,0.21688664765588586,-0.727686278788352,-0.06001303128212172,1.4808963858388111,0.5278257200133407,-0.14028128048981975,-0.14028128048981975,0.9942168437958481,0.024434877660043583,-0.8001768914340632
312,-0.2641915058877369,1.1173992860032107,0.2233843113399766,0.5342067894011194,1.11990424806573,0.47512357353006335,1.1982657877105993,0.29089837029741344,0.26112782595021605,0.20091580285293156,0.09788140928335295,-0.47462499247756684,-0.127562825914002,-0.26294822729709433,-0.2977793983172001,-0.15494868280463694,-0.01504368065035862,-0.27410715032626154,-0.036771673341821805,1.11990424806573,0.34511873550403493,-0.4154200361850875,-0.4154200361850875,0.8407570902592789,-0.14720992922414913,-0.12066677966727846
313,3.4268745977316057,0.8540881430573902,-2.875106145543007,0.32990942894891373,0.846430358559999,0.8241002842460874,1.7610313584177737,-3.094778271394981,0.1897015880369704,0.6740997868865535,0.2805619623178372,0.9258909126424935,-0.03575236987207902,-0.43730970021629406,-0.22060435974922984,0.2905878211615913,0.08677620552606838,-1.0104465325460248,-0.5735039653794878,0.846430358559999,0.09100415171447893,0.13714929502901105,0.13714929502901105,0.29032642129838593,-0.043182806628212986,-0.48439678782230394
314,-0.5025607298107371,1.4369384876034965,0.4793564639312343,0.07598594581375193,1.4400635026088262,0.002237095951846143,1.493759883527558,0.7500549202670096,-0.5866525700093149,-0.6534924533154729,-0.1728788456724174,-0.8131505032327372,-0.25550680925681174,-0.3881402210287935,-0.30829871455109525,-0.1484461712749594,0.026028758576264705,-0.2003975440721122,-0.39456747591410374,1.4400635026088262,-0.23643998185008394,-0.9307907328856776,-0.9307907328856776,0.4473706191890732,-0.5405153825417766,0.3185862140637235
315,0.6387967241233945,-0.9603925364578252,-0.6497416194848202,-0.5642666633593614,-0.9505575296224735,-0.49046951909749464,-0.9575470282389899,-0.31912703445432195,-0.38277172289103695,-0.34782615891193164,-0.4909823110002083,-0.21493984335861535,-0.40973227891369435,-0.4149030808059303,-0.27380707772849894,-0.31582771634452034,-0.2785646666866937,0.27066311387825137,-0.5775189100843207,-0.9505575296224735,-0.5085534376052744,0.19540468311286233,0.19540468311286233,-0.8172189880532074,-0.26249726120456796,1.5983700079000769
316,0.31371644576325325,-0.6830667095081381,-0.3546671212826596,0.1260778939910783,-0.6799694654953609,0.16222740883960468,-0.6956730404813485,0.302369905182139,0.2921441819308201,0.22953485847744776,-0.6825812087446855,-1.8171048654009736,-0.2632817425685676,-0.2602352104243722,0.45570751525044223,-0.24548660297228536,-0.23175360562396763,-0.39960064852888383,-0.09376383112159217,-0.6799694654953609,0.30151059460265023,2.0902613664584213,2.0902613664584213,-0.2004296307439421,0.9137060242330441,-0.38821989621958103
317,-1.232791787452451,-0.029541373147328267,1.2418637698563046,-0.5422549954243178,-0.028164115528608428,-0.6677703230885151,-0.23554128567217109,0.9261284356772207,-0.9130627915076961,-0.9735179780536409,0.10950370594155331,-0.9890762533919806,-0.43762951880676304,-0.24811559100419484,-0.24821979270640704,-0.3736496868795852,-0.40019603335495285,1.7339455132115924,-0.01832283765581959,-0.028164115528608428,-0.5357868886846578,-0.6331330064864688,-0.6331330064864688,-0.2902771807926504,-0.517884945032838,-0.557071614714595
318,0.8426809707614847,-0.5538565361731077,-0.8749459928238135,1.1492956238557883,-0.5523291660298466,1.28933646429198,-0.4530489183519444,-0.6688866039920406,1.4521558910497268,1.5368106345422003,0.0822602739853702,0.03370688301111138,0.5209389798565157,-0.3088302200515807,-0.300824114970383,0.41768972037142665,-0.13266188196901765,-1.2700617329398227,-0.15160564582375363,-0.5523291660298466,1.1256940496965115,1.8621251067508604,1.8621251067508604,0.492237067625715,1.3782440301758636,-0.6610459752707771
319,-1.3771600440874325,-0.21503122548469275,1.4039989754753006,-0.2171987527914735,-0.21600970539221281,-0.3868213295227601,-0.45394079292008493,1.2726609635077515,-0.6921081783186211,-0.7981369925411321,-0.09065296069209754,-0.7893073562831755,-0.3925750603084518,-0.45637843462649674,-0.32579044166727766,-0.25943274029928054,-0.2476755230555603,-0.35241269562558675,-0.7180027798996438,-0.21600970539221281,-0.2238587456005494,-0.15698040681700998,-0.15698040681700998,-0.1472958405256608,-0.25709786715690364,-0.3410592406797716
320,0.6504653813997388,-0.6943717599565731,-0.6695927796836706,1.4768703731371717,-0.6980368140278617,1.5778701939100497,-0.6494185760055814,-0.5680931081247301,1.0936068162176569,1.1569685213965566,0.7555575677240732,0.5332380939208078,0.43297379981352674,-0.4253770436589159,-0.29105275786526225,0.8952213529796738,0.08119236950957955,-1.2734776504881375,-0.5428460660162323,-0.6980368140278617,1.539709604370971,2.668328201152999,2.668328201152999,0.5974931566180574,2.163817590583337,-1.3910390558034582
321,0.20495063083855813,-0.9075678985155622,-0.25655638599936825,-1.0551507924566872,-0.907235419422549,-1.0209329012177233,-0.9537268366916043,-0.657039359023345,-0.9733231380283276,-0.9018544806033075,-0.7999764920325619,1.3458389294745217,-0.27205598209385295,-0.4761177290661151,-0.28971944987246795,0.020590333000312537,0.0863477066079947,-0.6646815814968524,-0.8156331392233663,-0.907235419422549,-0.9882985066043509,-0.555305853544852,-0.555305853544852,-1.294465361216975,-0.6425664503317773,0.36937587507277775
322,0.4355604796418455,-1.1963356467453667,-0.46033158821332065,-0.13808974657377512,-1.1984873821857687,-0.0853811186101773,-1.25234213374629,-0.6074984692138291,1.13578906105994,1.2072610120630376,-0.44758536382680736,1.8456774717811624,-0.3057518911317184,-0.4589976901305679,-0.29796437332066855,-0.09842304830759485,-0.3505881809621392,-1.2261263843680013,-0.7454446698098857,-1.1984873821857687,-0.08766652414042388,1.2254755623760798,1.2254755623760798,-0.667392787995381,0.2976174762914409,0.06691764724960238
323,-0.05827850001282207,-0.4616802379606621,-0.006216345003817858,-1.3428536286617452,-0.46226337689505015,-1.3232338812726006,-0.4944079522904844,0.021872408284432276,-1.485536102435704,-1.4563885458895267,-0.9680946174977997,-1.6737791886147348,-0.4416270370030502,-0.5266401766883086,-0.3199844363038181,-0.2872218769719516,-0.3841592084620608,-0.8348851066189404,-1.2807088369727924,-0.46226337689505015,-1.301463716263504,-1.2681940347124911,-1.2681940347124911,-1.365017616631543,-0.869602448938008,0.6678385334224615
324,0.41580939821820356,-0.6570375607137371,-0.4532993769161775,-0.4826632467577086,-0.6586477477520082,-0.43114807050272713,-0.641407830403919,-0.4285976124325148,-0.6326203995968248,-0.583339785118909,-0.1590765988994371,0.4388892279096556,-0.2777562539926828,-0.5467102448150449,-0.24184278682409435,0.8100388078848627,1.0030894741251315,-0.776042313432746,-1.4461078982414053,-0.6586477477520082,-0.4461642158808061,-0.03510201343761564,-0.03510201343761564,-0.6240007611336746,-0.30578884604000883,-0.09696091413147219
325,1.031931489424018,0.4393844623558693,-1.0119300263328563,2.0803576654845397,0.43849445648503776,2.278467229721865,0.7317022315919651,-0.8302243618395377,3.6667237009782347,3.8157874117098713,1.2012413331371907,-1.397569986470701,1.4464718604118256,0.06268053548464698,2.941522222843541,0.27201295060131797,-0.14801879857224506,-1.221358789235642,0.7049593098028331,0.43849445648503776,2.0930750722107163,1.5774128385751545,1.5774128385751545,1.6300740546220878,1.856079290478404,0.0238114569925179
326,-0.47887342522177123,0.2572733495229835,0.43504707605800647,0.5110989538499032,0.2529048411966328,0.4198180096339253,0.21449862864256647,0.5903839165449482,-0.41089321860891403,-0.47335679001056974,1.4235816965407253,0.8732530535604243,-0.3161740363121566,2.0853169808803504,-0.13663171607622612,-0.38132332089389115,-0.4484454030158642,1.3576760840442184,2.082860834516979,0.2529048411966328,0.4658309509461373,0.1942758710964345,0.1942758710964345,0.6066163276146229,0.16789047632363518,0.09915963428716705
327,-0.867743550384143,-0.3331478838371736,0.8508523178087487,-0.74327267572737,-0.3364445863084244,-0.8178266022463361,-0.4918352643069716,0.5399239296011273,-0.21404274605283904,-0.28192412728695326,-0.6168681556130626,0.1899820871662197,-0.34059677447165027,-0.5035111236219858,-0.3094039801515792,-0.03048725800071899,0.23222903270635542,-0.2890251000218734,-0.9027251063214472,-0.3364445863084244,-0.73935401012618,-0.6639837956843327,-0.6639837956843327,-0.6615464673617084,-0.5898935341986816,-0.08049882920274169
328,0.36732923537663553,-0.08773258461813244,-0.3974533059968637,-0.2976954067184856,-0.08812778828353914,-0.25309632942281357,-0.006290928899855811,-0.5732537955121266,-0.12967825889920753,-0.06541992222320654,-0.4756890811793389,-0.13488351120890518,-0.39769028246329585,-0.24457916300922125,-0.3102212922134124,-0.3473208984241255,-0.32277777550760184,0.9126016585719171,-0.00589655231163056,-0.08812778828353914,-0.31904155054913574,-0.3595350823826705,-0.3595350823826705,-0.14579486219700874,-0.36028953253121593,-0.614201733859569
329,-1.575423707593938,0.5019384546754219,1.6409068711932526,0.11914437565383303,0.4970880082711568,-0.10902870699036386,0.24276121986768065,1.523762698813064,0.33049167609156144,0.1043832347670965,-0.28179168854932324,-0.5905273168257483,0.48994301682847224,-0.2218085155640772,-0.04860145136226358,0.20236382758265553,0.4998448236552044,-0.5049079531896171,0.038511736405307855,0.4970880082711568,0.04301174403583696,-0.3780912655557086,-0.3780912655557086,0.39951310549461067,-0.2383748198822114,0.9028363522853194
330,-0.8257085275914481,1.0232083961528589,0.8025794019072544,-0.44495149538316725,1.0176608971238084,-0.5327091796083461,0.9602731439101627,0.9839793214604939,-0.6720213953014325,-0.7548793988800986,-0.17515827746002746,-0.9096673416932818,-0.4276064210038992,-0.2857569667775387,0.09541292606304186,-0.3639458180817301,-0.391021467717125,0.891594804003969,-0.09666151107594587,1.0176608971238084,-0.5248704752259032,-1.1186901017783872,-1.1186901017783872,0.15290750788086704,-0.6551059730214791,-1.0896362985858425
331,-1.5524713051068555,0.8545864677876791,1.6007075902604657,0.3654257747396037,0.861802940409084,0.11827879874621375,0.6113398113059032,1.4692285437840946,0.33049167609156144,0.11117602950553042,0.3847042149325916,-0.7476251851310682,-0.09425118397134959,-0.07243786919003004,-0.22872776535968226,-0.22955961624155197,-0.34492389944907786,-0.9398092086940713,0.30186853605858877,0.861802940409084,0.27733754278649464,-0.37976982549703053,-0.37976982549703053,0.7015137304701757,-0.15626032479963106,-0.790629623597744
332,-1.6627917580281149,0.22822746288628867,1.737425251552984,-0.12332707429010509,0.22719859256538938,-0.33820997172785694,-0.05351385689269225,1.9656070087024533,-0.42170917791634355,-0.6154125068817343,-0.32744553545054644,-0.8020914255034047,-0.3242301556665685,-0.3812820669078307,-0.27469706792999304,-0.233436372134167,-0.18871741995729502,-0.318770215452944,-0.33361376538737036,0.22719859256538938,-0.16663358553665836,-0.4126666858922076,-0.4126666858922076,0.12400220321494607,-0.32461651176364476,-0.5484911012022471
333,-0.25706953882866046,0.5619818044825619,0.2105831307321056,0.13429690438656539,0.574486037792912,0.09049226281766735,0.5928207531402563,0.21704190957910638,0.8989764643421105,0.8246637651966637,-0.5476709541508834,-1.1286591313519725,-0.22942408995886918,-0.15629401168132145,-0.19949945594767962,-0.2683736844485452,-0.1931661688539513,0.0036149599608562705,0.1668003673698621,0.574486037792912,0.02408644218529359,-0.4404995339060398,-0.4404995339060398,0.4062527426271833,-0.26880822529800424,0.5384974580544544
334,0.020628838050440513,0.8900404112254064,-0.0740108325702865,0.7696048141078232,0.9015989546121921,0.7540786163984498,1.0202437588488429,-0.05056149320311481,1.469538684240058,1.426243992080526,-0.03408093638113105,-0.12653707618411028,-0.19187125187879608,0.7558204346155389,-0.32382136324581484,-0.34778370047895985,-0.3148721573831276,1.0438799548436588,1.327861713146759,0.9015989546121921,0.6675797997606326,-0.07531750306659656,-0.07531750306659656,1.0229493730395076,0.12771529824339808,-0.03384562346771157
335,-0.6553627578079361,1.788261221770507,0.6271851682203794,1.6837052670341808,1.7762699461201716,1.5008628952934262,1.820984228062523,0.7865047959749412,2.23252740418089,1.9781259072018493,1.1757027197246026,-0.2181884699665656,0.01799641168971168,-0.03282597438894505,0.0636103212156658,-0.19558042074347637,-0.11401224729032505,-0.32060177636701964,0.32607851428854284,1.7762699461201716,1.5215924221405763,0.07095618277209327,0.07095618277209327,1.7798936676658534,0.5591008779965194,1.143415986030452
336,-1.0571155871753792,-0.10801633041514831,1.0327090359579976,-1.1627819488926179,-0.1099472638701522,-1.2235197902903316,-0.283100390810424,0.6419543150437381,-0.5079429475907183,-0.570109745021266,-0.38397834582418405,1.078122252390738,-0.4049372031685656,-0.3240218100058741,-0.09808511803971141,-0.3392215816563349,-0.3694727538118791,0.017545071651489497,-0.18797556087913622,-0.1099472638701522,-1.1423427073832062,-1.2464736778838357,-1.2464736778838357,-0.8899475668260979,-0.8309324276457799,2.113375313313074
337,-1.2267556848386223,0.028966168605020173,1.228293016667727,-0.9376232441178151,0.024145204743562614,-1.0299991184291402,-0.17229896351563606,1.1788329707022107,-1.5356708805309174,-1.5642969917365173,-0.5944974625586944,-2.5346328880401745,-0.44987989898276953,-0.4555220176766186,-0.2320226288451109,-0.36185640735361013,-0.3754152777257161,1.008986739358692,-0.6043257174319069,0.024145204743562614,-0.9165285489171126,-1.0655325530131143,-1.0655325530131143,-0.5638046353118296,-0.7389145072006839,1.3164535770840253
338,-1.6699983360596158,0.12183008207996858,1.7372170162807328,-0.8010377685473881,0.13057825425006503,-0.9463959768124112,-0.1617306105378341,1.2157818397341407,-1.161807148032983,-1.22359555262774,-0.4373223706340848,-0.002164226072125766,0.5441025594359177,-0.5556286444039256,0.6165699869430598,8.16093541587969,4.830018216126521,-1.1694708017912248,-1.283249999102931,0.13057825425006503,-0.7970796172017783,-0.9927462899507666,-0.9927462899507666,-0.41004220521829104,-0.6910179709268208,1.7155551262303177
339,-0.9946461941580276,0.7832615003484175,0.9913152843259456,-0.5250653197436821,0.8025218757595811,-0.6274676730852713,0.6635784639831505,0.8477052423101381,-0.6867747929015485,-0.7566046013469052,-0.8307645476972191,-0.07139676266160297,-0.33862572961144943,-0.4559409049595985,0.23417159312591443,-0.16400119026771492,-0.2135286374907564,-0.7600868424773877,-0.6440443520017207,0.8025218757595811,-0.6089772357130396,-1.1039039648278222,-1.1039039648278222,0.014403158894956103,-0.6738086601870102,-0.13267197096002753
340,-0.2212959103029676,1.2101928978445478,0.17928542257943625,4.254349583182145,1.1948717511441784,4.085240426300213,1.3113477817535384,0.4032263754612459,2.717623211008874,2.5253478076076057,3.5456106408784556,-0.627305954336819,2.5689310001787953,1.2665613768538098,7.014957478600391,-0.02553291252468918,-0.07728486483199644,-0.829594506327929,1.26253661362729,1.1948717511441784,4.458813172907447,2.713094225829922,2.713094225829922,2.4853366558991166,4.619463126758425,-1.309058475289121
341,-1.6584672804915996,-1.7817740531793382,1.657213294820388,-1.4934391095420407,-1.782455788555389,-1.5636737445421292,-2.0925486175354204,1.455067631077799,-0.9236969689655483,-1.0230224936715333,-1.5873173661114728,0.39285300763273545,-0.23344946303582595,-0.4014835474704273,-0.31687390656037506,-0.10276545509283971,0.03229869671568363,-0.4018995121732732,-0.40501339622855176,-1.782455788555389,-1.3592203870081163,-0.18257312572311976,-0.18257312572311976,-1.9788565655598673,-0.6996690412001373,1.1230481091633777
342,-0.11504691225685007,-0.45851545745743466,0.0552965180247501,-0.1463539026046195,-0.4600951351792357,-0.16123417445737095,-0.5009120544643955,0.355362725712532,0.08123296025033858,0.020950029425361862,-0.6162765480753915,1.1956695411930405,0.3038792072324955,-0.40308052848636755,-0.3192096224294579,0.5730173726394745,0.5101228720575762,-0.9020438869997609,-0.4533799837106872,-0.4600951351792357,-0.1061821583333006,0.20201806706816458,0.20201806706816458,-0.189838938232716,-0.08220408971246215,-0.36275196340870514
343,1.8783363898952268,-1.4711771811584733,-1.7270160959566054,0.4163282227352589,-1.4719780788751087,0.6924735621130373,-1.4139438903953254,-1.6046251921133363,-0.0031315269032926676,0.20973530913503846,0.049901889199585235,-1.314438727937926,0.4245301821640764,-0.27302702638685467,-0.2434693638918997,0.253715021490862,0.267004345137585,-0.8124755653281406,-0.0431053925840042,-1.4719780788751087,0.6116647638061363,3.1355554868448774,3.1355554868448774,-0.5613676096762329,1.6181309044691221,-1.0710556529966766
344,1.0798926225920298,0.16749651055533274,-1.055115293775117,-0.48578496800811466,0.1765634307401369,-0.3617642658975179,0.4234948366634279,-1.0980321129620738,-0.21404274605283904,-0.08223421767203415,0.2306201489974725,0.9099533951771253,0.9072285824285797,0.5811557292137456,-0.18025020015407475,-0.12883960128462518,-0.06478413392514415,-0.5163497375061112,1.2137371730340119,0.1765634307401369,-0.4900913657845237,-0.70562818012172,-0.70562818012172,-0.17334046368137687,-0.5253424267911267,-0.07241811844824926
345,-0.06317530180475565,0.24280428926193612,0.02247235363142515,-0.63546886284418,0.25617819996873853,-0.6345661062462303,0.28066373593244,0.5061310331144842,-0.3104593035229706,-0.3699058443633361,-0.43809969621713574,0.09298531245271392,-0.33956736411750515,-0.048632637907221145,-0.268379056780552,-0.34005133684253264,-0.31793197843714427,0.6364447815915393,0.41862932994375085,0.25617819996873853,-0.6382608703782902,-0.89500245060912,-0.89500245060912,-0.2828255200491427,-0.622829363639004,3.2831857286007144
346,1.1121000313094274,-0.34568673352868023,-1.0799962318230953,1.3546748609756833,-0.3459480581023112,1.5457919233165809,-0.17298881724058224,-1.1810750566511112,1.7685227210395136,1.97543980273355,0.6314237736374294,-0.4674627507791801,-0.07212869963729507,1.1928510177732508,0.06948631562651601,-0.34405459317890075,-0.33537188437804305,0.594456933993827,2.1045419082006487,-0.3459480581023112,1.4720227075178622,1.9609580243931717,1.9609580243931717,0.9480114575764356,1.6803928901480005,-0.38533499257223086
347,-0.05761641966000951,0.45177275986493476,0.0054006377941523106,1.3945432606107255,0.45120572305854156,1.3508588345832948,0.5156200254414977,0.021083513147505895,1.13578906105994,1.0878536264550138,0.7650418027915605,1.5666335430931888,-0.3922835232340823,-0.39312383360187075,-0.05979176887628381,-0.30414617973004887,-0.3542662216528088,-0.49159663328026315,-0.4076042780970254,0.45120572305854156,1.3235532828864172,0.8449352926038359,0.8449352926038359,1.260576844401938,0.9253539137946748,-0.49888409313133963
348,-0.373027407947839,0.7173869270037989,0.3306975960379886,1.6161797457122036,0.7149763653457366,1.4981314027422712,0.736308447824621,0.2305009702119054,1.6138544933257217,1.5087694266151008,1.7925521917027358,-1.0033628508137473,2.440834964930005,3.1403329620492344,-0.16624165717493436,-0.21877115219183016,-0.07748001083483332,-0.027022334341415894,2.6499878440565356,0.7149763653457366,1.6100690282306758,0.8667437669902526,0.8667437669902526,1.551217987542092,1.0945014255508438,-0.5490544612566021
349,-0.3302501502373582,0.7337105427672028,0.28057051872501304,0.28126223232739006,0.7363534828893602,0.2223848354731897,0.7653308796643763,0.2735187262327105,0.8673565994038137,0.7850471668119008,-0.15564626995957392,2.185611960108516,0.43493482565666797,0.5095811084929657,-0.09748960737608015,-0.20852515956933662,-0.3034795422676159,-0.8707130227562093,1.3530451604668785,0.7363534828893602,0.18463087180117083,-0.388417695064525,-0.388417695064525,0.6697675966413764,-0.19257192124162453,-0.2260496018267523
350,-0.6499413760895287,0.8637843386301882,0.609389765374911,0.3174009185598087,0.864529078371717,0.20955727435184238,0.8324895932533055,0.6041304290057754,0.4819642799246921,0.3673188857490334,-0.1052204269236825,0.4030327148080964,-0.3234707902672553,1.1882481683262156,0.8809640596039003,-0.375775386756544,-0.3991384323734782,2.1519570934649757,1.986506389938889,0.864529078371717,0.19096020983886153,-0.45365176011586844,-0.45365176011586844,0.7807857446617897,-0.2167993361257591,0.2667328985032197
351,-0.9788961158589665,-0.6608264381971399,0.9388398245035701,-0.6370585177887991,-0.6502989869871894,-0.7266941978687427,-0.8519490395997442,1.717180480506063,-0.8182413606562423,-0.9476113028895385,-0.7741810935283963,-2.3811224523599095,-0.4536882583417091,-0.46186993790412273,-0.29656605614906845,-0.3672571747237733,-0.4070519160240955,0.7907469012297734,-0.6723715639452306,-0.6502989869871894,-0.641482787722066,-0.30065835806241337,-0.30065835806241337,-0.6341565411502292,-0.4588550123755808,0.8443988716190418
352,-0.17143762371279303,0.06990736553070413,0.12704665773763563,-0.30464947660210784,0.07512399678686604,-0.3240190982858694,0.06932854053194014,0.13148106741143673,-0.12967825889920753,-0.15370303001613067,-0.7506615626011658,-0.9942342534771669,-0.36590917097675707,-0.48490640288686215,-0.18095631279822258,-0.15842624139538777,-0.13138997213389295,-0.5617138026242505,-0.7981991919547509,0.07512399678686604,-0.3906672268595612,-0.5444373272592199,-0.5444373272592199,-0.11412545077752059,-0.4442300205677732,0.6744566285356508
353,-0.8266611657102291,0.9256928520819974,0.7772440406957155,0.7873479871110435,0.92071772668133,0.6275576922392191,0.8611505858513322,0.9087011639061169,1.13578906105994,0.9319922278237807,0.5144515436783916,-0.30014324871454984,-0.40555033391351275,0.7583279888165302,-0.17084320942649478,-0.3836360277942047,-0.451869593352168,1.7976869362700192,0.9823886705807127,0.92071772668133,0.6862265568501875,-0.07195956094808592,-0.07195956094808592,0.9444584613231121,0.13677608960910723,-0.36413564235795576
354,0.7981029598246195,-0.45762256460945494,-0.808899304216133,0.38189818711643025,-0.46484388987802217,0.49283198037611936,-0.3531755694891312,-0.6540663121504323,0.8330694280053308,0.9121749571706067,0.3329035390643483,1.8178845434186794,0.48863494847473377,-0.3417658695084655,-0.17466846204179587,0.4987625960039833,0.01662382506557168,-1.1920176519731684,-0.2516248046370599,-0.46484388987802217,0.6669457764189244,1.1585392052485146,1.1585392052485146,0.27816298461422795,0.7194712019842494,-1.1881784759938712
355,-4.23494875000462,4.446203239175327,5.332600016940507,-0.7697980887852736,4.473690943948601,-1.1685811180207608,3.0970867736251817,4.690970110439923,0.6838364457041295,0.037307622746708735,-0.2567050993452883,0.5973216997729359,-0.14086292871168501,-0.4333624917069949,-0.13770423234027745,0.09924276240950364,-0.14092440664636857,-1.094332577582135,-0.5380913690019498,4.473690943948601,-0.9743348430779871,-2.0061622745657397,-2.0061622745657397,0.6033121509260764,-0.9645126760203394,2.618312272883237
356,-0.5319816887422224,-0.2308354053273559,0.4612231400971841,-1.2231977533182925,-0.2350507074914123,-1.2401926400130094,-0.31897263626863,0.10381454435929827,-0.22006878247655634,-0.23788331817337213,-0.7487627450801738,-0.014631028976367269,-0.26675288081967163,-0.3049692017846683,-0.2979071361192685,-0.23115216656312926,-0.22404413123304764,-0.47131969997435563,-0.13878019619093912,-0.2350507074914123,-1.2749238765487623,-1.34035977352837,-1.34035977352837,-1.0329451463653745,-0.8768213206311193,0.5412057871734189
357,-1.9156270882372242,0.3588432708095685,2.019621941002136,-1.0335611649269096,0.3586823019027652,-1.174771039980708,0.030157760211019853,1.6877245668844638,-0.37303735850197667,-0.5463405817747201,-0.20224474508324428,0.04445097708125929,-0.34234668574306243,-0.5177515941501313,-0.3164268393637001,0.0438032193589041,0.23823148788414836,-0.49582127039902096,-1.0201729040009124,0.3586823019027652,-1.1895815628626696,-1.4716423628367783,-1.4716423628367783,-0.7156208179698348,-0.8846406320081848,0.030655150025463766
358,-0.6669321789928445,0.8784904531335715,0.6471264825353591,0.7095614188196775,0.8685465767957853,0.5751821559230598,0.8398185731949206,0.8647846358257079,0.2811877532199406,0.14337634118023357,1.544224922526651,-0.21762605933169724,-0.36004723068995387,-0.278967850226416,0.19214792201766917,-0.3141580648160087,-0.31085490133758625,-0.019464584532338923,-0.0693293465338866,0.8685465767957853,0.6039674544828456,-0.10888892730348934,-0.10888892730348934,0.8761561342576436,0.08644075706679412,-0.37666455851893577
359,-0.11566906725015864,-0.11372556190836249,0.06966106117952653,-0.35496494272016166,-0.12102398390837474,-0.36624300138550886,-0.12253640122248155,-0.08664159759046924,-0.019637622050898976,-0.019673928647546624,-0.15400947621501127,0.41724594549540456,-0.3305662681581756,-0.40208987042416583,-0.27535950523323605,-0.22272546367444168,-0.25458112704229285,-0.6357428058443584,-0.4697477509849319,-0.12102398390837474,-0.43480267023484304,-0.46279735133821576,-0.46279735133821576,-0.23284842262242106,-0.43349722090088905,-0.4589683246118901
360,0.4667754869321315,-0.6028959207886632,-0.4990672297215446,-0.3786598748310391,-0.6027745472727198,-0.3214605483472826,-0.5725337420172443,-0.5852258721113053,-0.6358651868828664,-0.5704066531552919,-0.6745671905783384,-0.14920383143798577,-0.3116434329305809,-0.30627820302389236,-0.33226503826770637,-0.26686650416371915,-0.31128686662901367,-0.5935008729686125,-0.14966398846976148,-0.6027745472727198,-0.3408043141886668,0.047579053971835074,0.047579053971835074,-0.5383642304775254,-0.23621455995328164,-0.40113211809875976
361,0.5961630842713069,-0.5160066525531063,-0.6273677991108372,-0.4083431861163565,-0.5113529488374354,-0.3355637707000033,-0.4519645138527063,-0.5871570286068614,-0.9733231380283276,-0.9079320037522652,-0.5478472749481288,-1.097691892946346,-0.3872931925031321,0.5828647231690013,-0.2923827496222032,-0.3785436619913064,-0.42391762447965264,1.8191893501969933,1.3388553686743474,-0.5113529488374354,-0.3882308375876621,-0.09961956524916002,-0.09961956524916002,-0.5272457942259465,-0.30264760806586494,-0.4923157715627464
362,-0.33038987886742366,0.7545991692337616,0.28018676923553226,0.9921687460579894,0.7521083514787978,0.9074565249519736,0.7882230717239349,0.23456643595069707,1.557611501889967,1.4541988397816699,1.4670315144266173,0.34017396114920523,-0.2137022089203449,-0.17123197933121045,-0.2285622047479791,-0.25521837933115715,-0.2403221273973772,-0.3560077180096267,0.2098420113213421,0.7521083514787978,0.9120613896120222,0.2304577353973591,0.2304577353973591,1.3927945993431066,0.38386699169500615,0.1649457288465179
363,-0.660248195760863,1.4105787539358399,0.6189764067087525,1.275578600105072,1.4121719846036984,1.1159206465115534,1.4175963516273722,0.6614959237812027,0.9550080164361766,0.8040582198166321,1.8189414722862853,0.18481532796004213,-0.2835373698104917,1.145503327388598,-0.08510212276298218,-0.370136835304895,-0.40710703200252474,1.0715787790406868,1.6338590023864772,1.4121719846036984,1.1226970358232127,-0.015612956286677304,-0.015612956286677304,1.8882253052626907,0.34272538323600304,-0.017943807660983253
364,0.03898062779006989,0.8550545285802911,-0.0878545592580043,2.145281918807045,0.8591159126988058,2.1072347073670037,0.9846494072968179,-0.23771979868210733,1.557611501889967,1.550645543747592,1.7900781951597649,-0.2788468420453999,0.31665115615538125,0.8771798506906943,-0.06122420776183244,-0.27344809102582546,-0.22675854235803805,-0.10422791944182318,1.4355151957643284,0.8591159126988058,2.023697608925414,1.093465491560022,1.093465491560022,2.2013939321401863,1.47675547951049,-1.7637822603315871
365,-0.495476318112657,0.29135302102196453,0.4508258346251665,-0.5569564144560658,0.29340645355955597,-0.6029691557881116,0.2483320924058095,0.8249242439416131,0.47292522655458286,0.32757055987763206,-0.9006206652250093,0.8842446052459445,-0.4569080751488539,-0.48016417709206766,-0.27489200531773733,-0.369526120830943,-0.42788833564633855,0.4790977624562363,-0.7700006731516653,0.29340645355955597,-0.5623353769259445,-0.8391133933118181,-0.8391133933118181,-0.1823878905380431,-0.5858692382434316,0.9444054534952949
366,-0.37660205441750105,2.8348666282929784,0.3348412991314352,1.4600471561590136,2.8346187453667913,1.3472311271975714,3.04214699290297,0.09923295500210357,1.13578906105994,1.073580320679616,2.1630805498209047,0.15962404620002205,-0.34000208640709245,0.010257982281349885,-0.0518740468754169,-0.34559620794715873,-0.33944774179152215,0.6105267522485197,0.5091376285982895,2.8346187453667913,1.2142381310057866,-0.5736455479056664,-0.5736455479056664,2.4795974362009865,0.06517410187860652,-0.33826872085961496
367,-1.2339881505461476,2.570876541946413,1.2341656850894593,0.8456327486524517,2.569322093885163,0.6087552715890658,2.475681889969736,1.0610673710579515,0.7561488650721959,0.556242307067632,2.3376315459709005,1.8281307846779322,-0.2231015363815678,-0.17542879663086472,1.097501956936176,-0.258969079925076,-0.29196333202467206,-0.5608541045123241,0.20132778419073444,2.569322093885163,0.6509914964394665,-0.8162371214209316,-0.8162371214209316,1.947418117972623,-0.23266355948758044,-0.14362880932179772
368,0.4576694867619517,0.2687347864728985,-0.4885716849889844,0.036387393065137906,0.27282479828826384,0.09336337172226379,0.416449119772552,-0.7422093208005633,-0.5515006997292349,-0.4688283667931832,0.2085403782101474,0.398385868988638,-0.4186296900747377,0.36466594989187007,-0.0751721867152945,-0.38238241481340274,-0.45589331217373497,1.2248042587404433,0.9877032868556789,0.27282479828826384,-0.01094127641674043,-0.2859154999193229,-0.2859154999193229,0.314611868217878,-0.22292354122773453,-0.4188846196160756
369,-0.544070666267021,0.29661974871508073,0.497595940955416,-0.7117697823934157,0.3100107782974925,-0.7553251530267406,0.2448477417543836,0.6047467864062945,-0.6042285038838878,-0.6569411634299666,-0.7188066878186473,-1.6878559156591724,-0.4611020231782942,-0.46780541377284324,0.811047906165673,-0.3804094458809861,-0.4648833875233951,0.41433016804541556,-0.9969942909180476,0.3100107782974925,-0.7412834625097694,-1.020644143266214,-1.020644143266214,-0.40605732258368016,-0.6839420376694088,-0.11024535752500743
370,-0.18554174817528812,0.9750884741034809,0.13402073209051193,0.4920701376166342,0.9866965850058896,0.44851606364400604,1.064096646543334,0.2848420664309673,1.557611501889967,1.4441954607925023,-0.41858859358042916,-1.9026688730825219,-0.42646116915595433,-0.13590744314517628,-0.29752536965073767,-0.37317726190261546,-0.4214678688363419,1.0258952948585212,0.2492003915031352,0.9866965850058896,0.390750956574883,-0.35257856992281783,-0.35257856992281783,1.1604995310817265,-0.10437924864829526,0.6575451892806748
371,-0.08736379018106695,0.04240037926527806,0.038005095522104425,0.024780705903614243,0.044485242371694274,0.007921587919334793,0.055882456232469575,-0.10864779313520095,-0.6358651868828664,-0.6187721445560199,0.04842579735150754,-0.676060998875461,-0.26076950620160677,0.24236026560310453,-0.18693245819362292,-0.3376910529472203,-0.34716394049233645,0.221285626668764,0.733835985062794,0.044485242371694274,-0.004234924363741644,-0.12013027735971431,-0.12013027735971431,0.19186369599487865,-0.15813948992066687,0.5966467594563307
372,0.26298075331466997,-0.2499901976517099,-0.3041523184915454,0.026612942074973004,-0.25157990795295243,0.05723682721106106,-0.20676728071627917,-0.35579137204021904,-0.3405894780487539,-0.3019397094052528,0.27275790492538343,1.2027292395134577,0.7733008832399003,0.524056144178,-0.2505857341902603,-0.1423312303835582,0.08113713079051502,-0.0992278645400916,0.997811390549027,-0.25157990795295243,0.013434010724366304,0.14443518339413944,0.14443518339413944,0.017317423481911884,-0.05095816129226449,0.05010207707502778
373,-0.28173516664846204,-0.04420522068440076,0.2304407019748785,-0.6437983720105798,-0.04240485178701125,-0.6639234579630217,-0.07534277755061362,0.3301206489151073,-0.5093184548869518,-0.5407102818540368,-1.01776252760947,-0.05976719307952205,-0.4399613558816087,-0.4976925093691999,-0.33113511332859624,-0.3194210106575537,-0.3271975682337424,-0.04744369891555349,-1.0356265092198833,-0.04240485178701125,-0.6317397815552089,-0.7273608935417142,-0.7273608935417142,-0.5001944927115329,-0.5742915773046842,0.6278785384780855
374,0.26353288194176694,0.8917724523972951,-0.2992033350149037,1.2260792636519129,0.8907891013359276,1.247215771322229,1.0772569766536144,-0.1269593918549516,1.13578906105994,1.1151989839591314,2.1000955027733474,0.9944270397487781,-0.17062604341577714,2.532087322627401,0.36453055926315,-0.37267253895734953,-0.45210276845400954,0.07387475193125519,2.048193266679211,0.8907891013359276,1.0982455367334858,0.2910095078664993,0.2910095078664993,1.3893542475520069,0.5003171314515656,-1.005370487915905
375,-0.5790039378853623,0.7439617661546134,0.5380047698074278,-0.21305458363798643,0.7454974375228187,-0.28479036662392304,0.7193356599044687,0.37830573668234513,-0.8966281497068443,-0.9145131979312292,0.6040935281008745,-1.6040760608773337,-0.43773263341338753,-0.41525464959020286,-0.2815340852848876,-0.353307565355903,-0.38783179102238763,0.2811679146421025,-0.5663027244873404,0.7454974375228187,-0.2651965693656239,-0.7841185700296591,-0.7841185700296591,0.3812133369478393,-0.48358820269386366,0.3854604949411972
376,0.11565927597302483,0.8846563888791723,-0.16845604873632314,2.2374633010371934,0.8857093793218751,2.217989155300447,1.0371650427526848,-0.3052202929812113,2.0848895510293004,2.0859102258060394,1.5793762711836759,0.4497916678907164,0.104758643381395,3.3494315072648155,-0.1090852045002623,-0.3614127261582696,-0.3784564733205138,0.9160160836507609,2.9737331173813724,0.8857093793218751,2.138135334607401,1.165015473048271,1.165015473048271,2.0229548517099376,1.5938678807835238,-0.861626834411327
377,-0.22149985171316008,-0.43376382708283173,0.16951194782619314,-0.8390586375945669,-0.43219714992322716,-0.8469602441403438,-0.4921452248414888,0.05288033833876055,-1.0382188989347731,-1.024687042767619,-0.03019066996112645,-0.3583683239601775,-0.38933705731048407,-0.5129245430007662,-0.021799754594063914,-0.13897567912439918,-0.077776935002403,-0.5067054728808935,-1.048674980696171,-0.43219714992322716,-0.801287684757748,-0.6717558815947716,-0.6717558815947716,-0.8945130849674281,-0.6110169142379643,1.0031669326152561
378,0.4360189224304265,-0.026959964039195743,-0.4716377019647158,0.2897256927459071,-0.02876347375537336,0.34467801514362306,0.07702053972617282,-0.4022142150706627,-0.12967825889920753,-0.08742653402469527,0.0876784342742344,1.7753323927771725,-0.37863519302572235,-0.210493441157847,0.2823080721502644,-0.3401045959353096,-0.43198918300376865,-0.6784366322980824,0.14430819277090848,-0.02876347375537336,0.30094255399419023,0.26201170275738744,0.26201170275738744,0.37856561816745954,0.12371781330713875,0.07146163894366078
379,-1.5257636501098581,0.6161142757370509,1.5733973992351222,-1.1249811599307868,0.6222445351131988,-1.2260871390086427,0.3723797525082108,1.6799699530871053,-1.5101880613405798,-1.5652137881480235,-0.8815421046041387,-2.4990109638847584,-0.4588656434443926,-0.4976426658864871,-0.18502639560644815,-0.3696402530347652,-0.4366214168020207,0.2660442608371033,-1.047806705299016,0.6222445351131988,-1.0876140793639713,-1.4600880662237115,-1.4600880662237115,-0.6512836907583517,-0.8634459267281471,1.3202762349846793
380,-1.6917616272433142,-1.1254444921364128,1.7517832504967552,-0.4600507021709695,-1.1225544246343746,-0.6417601200997798,-1.4322712176742831,1.9368173929735213,0.7216361190620608,0.400219961059352,-0.9711753432803855,0.4259572111228459,-0.3164429729590788,0.0013575074113858863,1.0012603497429842,-0.3357968863732342,-0.38867084723999823,-0.2802784231948,0.5320470620144158,-1.1225544246343746,-0.3842577796977082,0.6170513824627987,0.6170513824627987,-0.89410949013762,-0.07378413809548924,-0.07784769989441447
381,0.08246396274876748,0.4695481975140873,-0.12527173248752088,0.4382282424723827,0.46996544447843114,0.43710989566395303,0.5637042618421443,-0.19117235921972833,0.17857660161000716,0.18829248029874793,0.48930649265639725,0.15325678186319436,-0.0030015242247363257,0.10133411223160485,0.01663760428045546,-0.24143858605512683,-0.17527357618701053,-0.19892136937642219,0.636336616889217,0.46996544447843114,0.3701342109053952,-0.05798140265264322,-0.05798140265264322,0.700694527662147,0.0161374077715585,-0.1075440080925725
382,-0.38959258342655056,-0.17767733223042984,0.359002335921185,-1.0557832144940267,-0.1720807791772071,-1.072227325648556,-0.24386481558067377,0.0527693442229732,-0.7624119188787812,-0.7573299209724693,-0.9631338344009174,-0.18477582439079562,-0.44588321247238505,-0.4846346335479985,-0.23536403809049117,-0.343033547161404,-0.3822356671124397,-0.020357196865630475,-0.9942581380670201,-0.1720807791772071,-1.0447071004597697,-1.1094337136326669,-1.1094337136326669,-0.9222772970570458,-0.7800805779660712,0.5837018896041788
383,-0.41608787035198863,0.4030912209146501,0.36059069583221637,-0.512373646466805,0.4000210398207366,-0.5508544376457708,0.38772323826047034,0.4404855105805664,-0.5477344260153107,-0.5879907566019966,-0.34420444642396286,-0.21863258842350106,-0.40182825298131286,-0.08702220691725338,0.6977159355875168,-0.364081454459832,-0.4010169847114516,0.6675616362520892,0.3476052766194136,0.4000210398207366,-0.5488721743380622,-0.8786903617186367,-0.8786903617186367,-0.11122241672344582,-0.5936209963036299,-0.03738174792508734
384,-2.5632463988635252,1.4457962227415286,2.8450914434307033,-0.4078249613463548,1.4453055864899436,-0.6957815293711228,0.9443653592571307,2.8650369382453,0.21544919107840194,-0.15100897525962964,-0.5112131155915824,0.9349189275411773,-0.41504325492941035,-0.3593376654603138,-0.17678088163296726,-0.34069353371382705,-0.36537062767978196,0.1089356288527718,-0.3022419019797587,1.4453055864899436,-0.5173738692824432,-1.2413956644394195,-1.2413956644394195,0.38928724225717726,-0.69252437060975,2.7068672790557895
385,-0.676135430127508,-0.2772853427227409,0.6261999791061695,0.685772528218586,-0.27492900340272036,0.5560143235953472,-0.3963431590964823,0.8601602599322737,0.8826955970681102,0.7043916768298947,0.5429052889979173,0.17589971858911063,-0.36034886207898514,-0.48156391998426806,-0.2570914122296079,-0.15381507096861996,-0.4556909723842479,-1.4221700312468042,-0.8641530774902381,-0.27492900340272036,0.6278106460187309,0.8755350462756732,0.8755350462756732,0.40169789414427237,0.5622539975309097,-0.5736796884928892
386,-2.1109387869337124,1.1962072644183401,2.2719951770421987,-1.0957658869823088,1.197917398140628,-1.246395244640023,0.8182391604809439,2.3528499555771676,-1.420454925257538,-1.518098708103358,-0.6143649329235531,-0.8524129662535507,-0.4596660219234958,-0.46921480555405704,-0.2795298891757594,-0.377379235158542,-0.40740182142150017,2.2004328860354985,-0.825764342510435,1.197917398140628,-1.1325786857146487,-1.6481228760624456,-1.6481228760624456,-0.4059274605797519,-0.9096745338985224,0.014741176216965222
387,-0.19287849381722522,-0.21298316612911206,0.15407790176891908,-1.641691005988622,-0.1969810626440027,-1.6239076273773407,-0.2469202818573256,-0.08263622508123589,-1.7219420842561537,-1.6807745186012908,-1.2640153956931495,-1.585399830162354,-0.44763658902589665,-0.3794648306426477,-0.2932952651535222,-0.37147303070907955,-0.37042285721137236,2.237489208237978,-0.385134959502762,-0.1969810626440027,-1.5677498245434773,-1.6858339735623062,-1.6858339735623062,-1.6889819291152603,-0.98304376180855,4.3201982796659335
388,0.10766480510373716,-1.1426253260524517,-0.17361534108695725,-0.8446786710253662,-1.1318055426373972,-0.817473019720278,-1.2254131621019293,-0.2772808024117589,-0.8391069072002646,-0.8016838485479701,-1.2917246095967911,-1.0127111462077887,-0.2454485465637604,-0.4032136585845169,-0.15853584940992868,-0.1149916596967092,-0.18350243263887348,-0.831547897286908,-0.4947452755305245,-1.1318055426373972,-0.7679319473082392,-0.01409346952846258,-0.01409346952846258,-1.2145378152122388,-0.4203671888068534,0.9016451189992449
389,-1.9357657758273354,0.763092985537087,2.0520455768533483,-0.45175802419060007,0.760798588841562,-0.6624931825175442,0.42986706758519083,1.7345741580842569,-0.9694883898777208,-1.0842757900680724,-0.27326927602045276,-0.6675760456482671,-0.45752573375928457,-0.18762847528723672,-0.1953160527279064,-0.38809948858512705,-0.4761252702238137,1.7741251949491283,0.1317937465817628,0.760798588841562,-0.5167173774123,-1.0084001418886697,-1.0084001418886697,0.08688114417452998,-0.623226989735457,-1.2173758369600924
390,-1.228434150193202,-1.5486756797859702,1.2148126458817152,-1.0049369789524876,-1.5494249355019474,-1.0908820385133062,-1.815648375502599,1.0374267415885465,-1.1027459330353984,-1.1574083607605528,-1.0774925949764917,1.8816903353839116,-0.44330362433384357,-0.35947245827584634,-0.31942641726742055,-0.3691304906670668,-0.42298120061039873,0.5697221235680274,-0.3019594168367329,-1.5494249355019474,-0.9032840779177749,0.3776930273625903,0.3776930273625903,-1.537886796233991,-0.3937210001302428,1.0305713019296399
391,-0.6063333224913233,-0.3713552914705774,0.5423605129469677,0.07044030715634972,-0.37036831434597106,-0.015104891702864382,-0.48313111809092785,0.5135072712443082,0.23188383287925401,0.14347034446120857,-0.3782136703446399,0.11309651085577044,-0.32697405033898425,-0.2201666645655986,0.3266465630916487,-0.306646499014767,-0.36076092530832954,-0.5049577231368026,0.08552489267788439,-0.37036831434597106,0.11037141973231551,0.38411507114036253,0.38411507114036253,0.003703030645181836,0.08210248248720034,-0.1875900789183757
392,-2.600844156498336,1.382305127957788,2.8862375042857855,-1.3502896499011743,1.4489758472225223,-1.50176557216471,0.8745930654119993,2.1786077352780993,-1.4768736774493614,-1.5591289669518023,-0.9954019499793051,0.9885538518812207,-0.4474523547882268,-0.38285877776179417,-0.21421978402548397,-0.3708803924754788,-0.4285664299924093,0.5797168312439531,-0.37834390874988333,1.4489758472225223,-1.3057402037381407,-1.829358230737747,-1.829358230737747,-0.5551532380014959,-0.968494617870237,2.134160757077086
393,0.20424281154015472,-1.1276163619839497,-0.24012499457546574,-1.4011943315905833,-1.1270237710891358,-1.3647822385481214,-1.2029260096303733,-0.2376960044287833,-1.9374887152605795,-1.8856127422293816,-0.9773845240269886,-1.3795761552412813,-0.44320394975846106,-0.3694047765006301,-0.049589920386011975,-0.367868022424252,-0.36384015741102343,1.8722732000528464,-0.3375562078854889,-1.1270237710891358,-1.2983380236423334,-0.8415745732320075,-0.8415745732320075,-1.684789549015953,-0.7939632891920785,1.6943160680725817
394,-2.823846532906883,0.12781755836270559,3.179491855754594,-0.8160524911469519,0.12478614410183056,-1.0677420361006753,-0.37936808251067067,2.865515606494589,-0.9349756438675859,-1.1292420686348352,-0.6311899884843845,0.5344416094008654,-0.4086708025865416,-0.4579041687238422,-0.3003402885125298,-0.2868391105492486,-0.28578001518678847,-0.2657161707903677,-0.6888842299244555,0.12478614410183056,-0.8227483186448203,-1.0162437290202173,-1.0162437290202173,-0.502854015942853,-0.7035071255528811,2.7447323845627385
395,-0.5797040800091061,-0.8728682478172555,0.5371922793778096,-1.256838148221602,-0.8751262377442922,-1.2775603710351469,-1.0240508616620998,0.4827978473498698,-1.437327823700638,-1.4359803499821924,-0.7321282004851166,-1.262566715533438,-0.3174917489010825,-0.5174695870255706,-0.3260225275878767,0.1280670255404773,0.04351569467841006,-0.8997771131488401,-1.1010301133474583,-0.8751262377442922,-1.1931484278250255,-0.877526027063593,-0.877526027063593,-1.425336782658597,-0.7712256683259525,0.6925915375943947
396,0.2246236643625696,-0.6146774172709916,-0.2725084900626669,-0.7559957275796222,-0.6181568268028419,-0.7230255008547817,-0.6223151848981957,-0.5914622008679998,-0.7439109334551876,-0.6780101574759959,-0.2898009595147074,-0.3025016353389833,-0.41626701465078325,-0.5447387641105661,-0.27029112498997354,-0.08355726538431714,-0.0849993671436281,-0.7088932188048224,-1.3334891152106165,-0.6181568268028419,-0.7300392220797225,-0.44396223041082394,-0.44396223041082394,-0.8132773318831407,-0.5290049096872661,0.44316128499837953
397,0.6473317572167963,-0.12802831223008895,-0.6680800016049667,0.7035750231235871,-0.13131482432514865,0.7948570138895475,0.00018187676544349394,-0.7008885615187702,0.5934459246577151,0.6792009129046839,0.3824899923890288,-0.7164411517784793,-0.37813638610704203,0.16081308500846045,-0.13217825905009195,-0.36694004278870374,-0.41196213414673727,0.6507258241902139,0.7608665174448275,-0.13131482432514865,0.7614553448729734,0.8641522588430091,0.8641522588430091,0.5734099636391956,0.6297727644951817,1.0822577347407163
398,-0.6994644598136037,1.1827490636241742,0.6573924281905577,1.8423133939532756,1.1697039778354221,1.6446022483311626,1.16366870866139,0.7355521268682131,0.7186020320847923,0.5704906942171933,3.042300385807877,0.7765511015909738,1.8024755365537686,-0.3927735200973715,-0.28626018601670045,2.2955735814794047,2.5332819250123775,-0.8535235940211862,-0.391895474302461,1.1697039778354221,1.7880564844153388,0.648798739186317,0.648798739186317,1.7448555268200279,1.0493083568447288,-2.0005903870923025
399,-1.1917643381286032,-0.4311518387544982,1.2080102809722304,-0.5220533857141368,-0.4335371649445162,-0.6459265184836058,-0.6489769973099044,1.4337588972336301,-0.045934098763950826,-0.22604471701799678,-0.8984696078859135,-0.04937934283927856,-0.05153973434621046,-0.2412986173857814,-0.2818431241275772,-0.11992364295079525,-0.02543529155326571,-0.46073317885765974,0.013961992842009602,-0.4335371649445162,-0.5237670035498906,-0.3333411912300012,-0.3333411912300012,-0.48868674436360343,-0.42552169851594646,0.10318906351961143
400,0.14219811415312314,1.391570685818226,-0.20245427121726325,0.7796941377248933,1.407539119589768,0.7867483080250229,1.613075519482139,-0.14632093650239972,0.7139666202299123,0.7059892163539847,-0.18461612479567666,-0.43347012653706524,-0.33407250271267824,1.9039561288076714,-0.20029658007448398,-0.38200849142594095,-0.44582996406144554,1.6573447607133165,1.9526348067084565,1.407539119589768,0.5675696593312348,-0.4254195846725339,-0.4254195846725339,1.1464851564902294,-0.07496546969784466,-0.07002508450023341
401,0.1619166840587515,0.007198878404818634,-0.20700852843189635,0.7445464139573527,-0.005570202625585592,0.7528379023227362,0.06382786820305342,0.331611552924559,-0.235133869739448,-0.2784521329264274,0.7303835820169154,-0.018292261121481638,-0.39936256020065825,-0.26076101204116897,0.30590737914775795,-0.34611523512843606,-0.43214765919222176,-0.5700729626430378,-0.029514223131885616,-0.005570202625585592,0.7227611013151013,0.6920130792706302,0.6920130792706302,0.5503159575618941,0.5245848921215776,-0.9575847239231524
402,-1.7698144896901555,1.2072785981606582,1.8734746423682813,1.3263567431736756,1.1979746831573106,0.9397492263228627,0.9131977643484659,2.2515346129267395,1.13578906105994,0.7197667283567413,0.9161622970821455,-0.012408108075352493,-0.15031734922186143,-0.26913340043155703,-0.22570272450000425,-0.16635427938717376,-0.28211517664678465,-0.9395788159439202,-0.050049973366376364,1.1979746831573106,1.238119577068236,0.19946200215358129,0.19946200215358129,1.373235837190149,0.512226949847833,-0.5332872264508915
403,0.05611731726829953,0.6446624522851466,-0.09628881069124587,3.2159125353169906,0.6289511509620096,3.160973346228269,0.7523814538910112,0.2722629227740006,2.268049294574391,2.12777656687936,1.8374026758047115,0.9081695142046531,0.25672913832264305,0.05602827514159988,-0.09480906981767262,-0.13928359261705334,-0.3859641159249382,-1.259375972802442,0.4839167696799044,0.6289511509620096,3.3835749042613066,2.523807803944627,2.523807803944627,1.9306331409186452,3.5546235932336745,-2.747984019327138
404,-0.32136695018345124,0.17138002375082734,0.27641456425980243,0.49925053775785655,0.16622543115551217,0.4330775096643989,0.151841442006388,0.09803259960158969,0.4100063331385541,0.37203474890979304,0.13302913277046102,-0.7871854429457367,-0.28011772863599244,-0.22985744301166935,0.22002991820399662,-0.27439816914732434,-0.2712918405005336,-0.324590229342134,0.02424646418546325,0.16622543115551217,0.5409518761056592,0.3410922761521754,0.3410922761521754,0.5421457122805801,0.26867258427949753,-0.7202893864414945
405,0.8734214111707687,-0.5702781220001497,-0.8785198929870118,0.8130938254105752,-0.5604201410243076,0.9459675831408094,-0.47148651375932704,-0.9638599052549169,1.7685227210395136,1.9234714960753803,-0.5965572181932333,1.4752170063541519,0.521117105320283,-0.525826183404697,-0.2570301314999193,3.544966021087761,0.6066569298119794,-1.3820099946911264,-1.2917862963189044,-0.5604201410243076,0.8736361068736191,1.5541228334774666,1.5541228334774666,0.3569593120419525,1.0441602483664678,-0.3737668746691471
406,-0.3998065882844667,-0.14270180613854186,0.3831869432848753,-0.08918136938055982,-0.13543717273457326,-0.14757983081811027,-0.21003084925103757,0.5284036302170059,0.20777969224625342,0.1186721212941935,-0.6149239063120677,-0.9908756840064395,-0.42760344174393616,-0.1451326579062841,-0.17148609167368897,-0.3733218797048999,-0.44480358538342296,0.34385784026312083,0.17723902137757006,-0.13543717273457326,-0.10190957267646357,-0.08483602308031647,-0.08483602308031647,-0.005134342202719759,-0.18376511467085205,-0.689618960375165
407,-1.0983596179014674,-0.18027465514436772,1.101931341003329,-0.18941535573118856,-0.1799395434388782,-0.32768335284266925,-0.3698835446916598,0.8786174269546793,0.10759686359313261,-0.020194676302292793,0.05228600896027874,-0.6604737160310621,-0.40122770887891307,2.120374671072858,-0.2747844461858258,-0.38855208554235793,-0.4689633220498478,2.8506432183894233,1.9796892337955756,-0.1799395434388782,-0.20200058820258399,-0.15498551403904728,-0.15498551403904728,-0.10310388928519736,-0.2489159542966367,-0.02287069612683297
408,1.0874952537077658,0.11508577168958432,-1.0547820146106173,0.7276006539856048,0.10795595126598356,0.892054698243057,0.3620218013009315,-0.8387883134478085,0.4327516605202061,0.5397635253651677,0.20837059338661892,1.0904121800323592,-0.16286525865997348,-0.4423402360207777,-0.17259910572174555,0.09562444080058059,-0.06808398676309088,-0.9981995371522397,-0.5598566693379321,0.10795595126598356,0.7291628887513514,0.5852789308957183,0.5852789308957183,0.6407533388498194,0.47565651754879046,-0.7146900069347064
409,-1.1460737648145658,0.29400933043002575,1.1566983780616735,-0.45861476028247866,0.29503663214426695,-0.582398835558364,0.11707756153292992,1.5982636035587525,-0.48119695916907473,-0.6352895973467458,0.4919522932977837,1.5508677381029048,-0.4342935531733091,-0.4672110936042405,0.04373948671810769,-0.32816080258605235,-0.3470419227178974,-0.034778060735719415,-0.6326981679947946,0.29503663214426695,-0.4933155439079172,-0.7728834674291298,-0.7728834674291298,-0.09355896677848857,-0.5465130276375587,0.23960686112411106
410,1.6815642454506206,-1.9445432168858716,-1.5864604261248005,-0.6159247253821472,-1.9462505798582361,-0.43216963205894987,-2.002689345152811,-1.483298764819486,0.37650866908445135,0.5894916463014354,-1.059109299274192,-0.7582246445509716,-0.07717269537883593,-0.4678869035489726,-0.20416013933161298,0.373311135717094,-0.1744235760488528,-1.2873086897435162,-0.6685044685898607,-1.9462505798582361,-0.4886522356480718,2.3074037793514846,2.3074037793514846,-1.4700089989638094,0.3820587479428748,-0.9069017276778704
411,0.05262347356833098,-0.6158868919895997,-0.10384119164390053,-0.7004046208624001,-0.619028378326752,-0.6852098725315767,-0.6501973767509023,0.1469477240685816,-0.9710054321008879,-0.9670017888760648,-0.23531209918716992,-0.4304569429565787,-0.2814834497021902,-0.4978629419866171,-0.30891591523547623,0.10246326870403415,0.6659062470451618,-0.08447053889650981,-0.8035717778229517,-0.619028378326752,-0.6687891361779008,-0.36347446052546334,-0.36347446052546334,-0.7331045402578872,-0.4859897406341355,-0.5250169702911768
412,-0.3004086279806484,-0.4792993018470232,0.21507965050372005,-0.8028941348666677,-0.4739691521114585,-0.8161795077459401,-0.5494065513585945,-0.02554618700778392,-0.5063054379405605,-0.5012658801137899,-0.17875811500185337,0.19817604761043833,-0.3786796701364432,-0.3825496222183445,-0.12289455398603381,-0.29362142658582174,-0.30547485700634874,-0.30064138257697953,-0.34396720459858604,-0.4739691521114585,-0.7985939170999433,-0.6407706504290388,-0.6407706504290388,-0.7155704827475393,-0.6023380393657064,0.8617176189865483
413,0.6252400288037706,-0.23904934628911406,-0.6388526230894833,-0.3931220931503977,-0.24279503592156254,-0.3187686803214892,-0.13270476196972403,-0.3214194167231335,-0.08146998016414175,-0.05023730947472962,-0.5041791277274165,-0.563828336416733,-0.4370766408164044,-0.5290471850927296,-0.13080341707826698,-0.2631590760166273,-0.3587165511129778,-0.8467179927301826,-1.0845587012387545,-0.24279503592156254,-0.3970574365045056,-0.3330391642728433,-0.3330391642728433,-0.26962990478353904,-0.3797373384212772,1.6486352716627592
